#Draine & li (2006) dust model effective quantities
#  wave      Cabs     Cscat    Tau      albedo    g
#  [um]     [cm^2]    [cm^2]   [/N_H]             
#
     0.091199988   3.6557670e-15   1.1929414e-15   2.3438089e-21      0.24603282      0.66057348
     0.092053187   3.6134428e-15   1.1984067e-15   2.3259918e-21      0.24905324      0.65778656
     0.092914369   3.5723789e-15   1.2038838e-15   2.3087895e-21      0.25205561      0.65498438
     0.093783607   3.5321962e-15   1.2090221e-15   2.2918494e-21      0.25500241      0.65226265
     0.094660976   3.4919644e-15   1.2128787e-15   2.2742661e-21      0.25779366      0.64989630
     0.095546554   3.4472243e-15   1.2109710e-15   2.2517171e-21      0.25996570      0.64923255
     0.096440417   3.4028726e-15   1.2089050e-15   2.2292793e-21      0.26213427      0.64862978
     0.097342641   3.3590084e-15   1.2067178e-15   2.2070187e-21      0.26429920      0.64806932
     0.098253307   3.3158482e-15   1.2044383e-15   2.1850536e-21      0.26645176      0.64753616
     0.099172492   3.2728795e-15   1.2021027e-15   2.1631541e-21      0.26862738      0.64702339
      0.10010028   3.2271078e-15   1.1997710e-15   2.1399014e-21      0.27101962      0.64655425
      0.10103674   3.1764493e-15   1.1973163e-15   2.1142271e-21      0.27374954      0.64657215
      0.10198196   3.1233109e-15   1.1948507e-15   2.0873488e-21      0.27670357      0.64660715
      0.10293603   3.0700754e-15   1.1924068e-15   2.0604341e-21      0.27974470      0.64660756
      0.10389903   3.0175000e-15   1.1899727e-15   2.0338431e-21      0.28282363      0.64657906
      0.10487103   2.9643077e-15   1.1874681e-15   2.0069199e-21      0.28601450      0.64655897
      0.10585212   2.9112752e-15   1.1840080e-15   1.9796120e-21      0.28911505      0.64685604
      0.10684240   2.8620508e-15   1.1750976e-15   1.9515103e-21      0.29107119      0.64907502
      0.10784193   2.8122962e-15   1.1647230e-15   1.9224446e-21      0.29286331      0.65185700
      0.10885082   2.7617715e-15   1.1542499e-15   1.8929589e-21      0.29475066      0.65471932
      0.10986915   2.7122132e-15   1.1437462e-15   1.8639256e-21      0.29661780      0.65762519
      0.11089700   2.6653670e-15   1.1332445e-15   1.8362044e-21      0.29833125      0.66055274
      0.11193447   2.6194504e-15   1.1229743e-15   1.8090443e-21      0.30006597      0.66345388
      0.11298165   2.5777352e-15   1.1164629e-15   1.7857322e-21      0.30222064      0.66530396
      0.11403862   2.5381532e-15   1.1117459e-15   1.7643186e-21      0.30459635      0.66663256
      0.11510548   2.4988752e-15   1.1070182e-15   1.7430467e-21      0.30700247      0.66794978
      0.11618233   2.4600386e-15   1.1023170e-15   1.7220010e-21      0.30943485      0.66923671
      0.11726924   2.4237009e-15   1.0976191e-15   1.7021649e-21      0.31170671      0.67050160
      0.11836632   2.3876643e-15   1.0928927e-15   1.6824605e-21      0.31399936      0.67176602
      0.11947367   2.3481265e-15   1.0882370e-15   1.6610979e-21      0.31668274      0.67311946
      0.12059138   2.3063201e-15   1.0836401e-15   1.6386671e-21      0.31966160      0.67455924
      0.12171954   2.2660697e-15   1.0790243e-15   1.6169793e-21      0.32256921      0.67602864
      0.12285826   2.2263300e-15   1.0743777e-15   1.5955235e-21      0.32549920      0.67753278
      0.12400763   2.1884561e-15   1.0697063e-15   1.5749576e-21      0.32831582      0.67906887
      0.12516775   2.1502121e-15   1.0649962e-15   1.5541940e-21      0.33123707      0.68064394
      0.12633873   2.1155344e-15   1.0599207e-15   1.5349778e-21      0.33378545      0.68176360
      0.12752066   2.0862238e-15   1.0543464e-15   1.5181149e-21      0.33571815      0.68222560
      0.12871365   2.0566541e-15   1.0486974e-15   1.5010906e-21      0.33770649      0.68270363
      0.12991780   2.0222674e-15   1.0430109e-15   1.4817197e-21      0.34026631      0.68324122
      0.13113321   1.9952049e-15   1.0372784e-15   1.4658669e-21      0.34205576      0.68383401
      0.13236000   1.9719237e-15   1.0315007e-15   1.4518202e-21      0.34344153      0.68448338
      0.13359826   1.9521430e-15   1.0251351e-15   1.4391814e-21      0.34431957      0.68477216
      0.13484811   1.9383142e-15   1.0173916e-15   1.4287536e-21      0.34421274      0.68408281
      0.13610965   1.9269596e-15   1.0093717e-15   1.4193882e-21      0.34375266      0.68328868
      0.13738299   1.9159513e-15   1.0012796e-15   1.4101553e-21      0.34322946      0.68255430
      0.13866824   1.9059581e-15   9.9311708e-16   1.4013790e-21      0.34256341      0.68187476
      0.13996552   1.8971258e-15   9.8488349e-16   1.3931296e-21      0.34173502      0.68125324
      0.14127493   1.8862210e-15   9.7878487e-16   1.3849103e-21      0.34163450      0.68005265
      0.14259659   1.8604153e-15   9.8373637e-16   1.3748297e-21      0.34588041      0.67572485
      0.14393062   1.8322328e-15   9.9098512e-16   1.3647105e-21      0.35101262      0.67074177
      0.14527713   1.8046418e-15   9.9844718e-16   1.3549804e-21      0.35619532      0.66570888
      0.14663623   1.7776836e-15   1.0059824e-15   1.3455916e-21      0.36138760      0.66066567
      0.14800805   1.7512524e-15   1.0135908e-15   1.3364928e-21      0.36659974      0.65561242
      0.14939271   1.7251614e-15   1.0211313e-15   1.3275258e-21      0.37182174      0.65070614
      0.15079031   1.6953688e-15   1.0252704e-15   1.3151252e-21      0.37684907      0.64960160
      0.15220100   1.6652944e-15   1.0289129e-15   1.3023483e-21      0.38189820      0.64901846
      0.15362488   1.6355328e-15   1.0324683e-15   1.2896805e-21      0.38698195      0.64850239
      0.15506208   1.6062546e-15   1.0360589e-15   1.2772634e-21      0.39210295      0.64791705
      0.15651272   1.5774411e-15   1.0396848e-15   1.2650880e-21      0.39726205      0.64726160
      0.15797694   1.5491954e-15   1.0433464e-15   1.2532044e-21      0.40244150      0.64652699
      0.15945485   1.5309436e-15   1.0464082e-15   1.2458617e-21      0.40600130      0.64554868
      0.16094659   1.5161399e-15   1.0493048e-15   1.2401060e-21      0.40901479      0.64452765
      0.16245229   1.5028824e-15   1.0521689e-15   1.2350819e-21      0.41179953      0.64351435
      0.16397207   1.4903320e-15   1.0550615e-15   1.2304134e-21      0.41449838      0.64252916
      0.16550607   1.4785455e-15   1.0579827e-15   1.2261280e-21      0.41709873      0.64157271
      0.16705443   1.4678826e-15   1.0609333e-15   1.2224001e-21      0.41953758      0.64065491
      0.16861726   1.4593059e-15   1.0671651e-15   1.2212665e-21      0.42239356      0.63880749
      0.17019472   1.4520645e-15   1.0751998e-15   1.2216500e-21      0.42544019      0.63647383
      0.17178694   1.4457698e-15   1.0839821e-15   1.2228524e-21      0.42849344      0.63396915
      0.17339405   1.4403086e-15   1.0928480e-15   1.2244983e-21      0.43141745      0.63148698
      0.17501619   1.4360328e-15   1.1017987e-15   1.2267581e-21      0.43414966      0.62902803
      0.17665351   1.4331622e-15   1.1108351e-15   1.2297386e-21      0.43664948      0.62659213
      0.17830615   1.4315035e-15   1.1216542e-15   1.2341666e-21      0.43932037      0.62354978
      0.17997425   1.4312135e-15   1.1339156e-15   1.2399534e-21      0.44205011      0.62006099
      0.18165796   1.4325156e-15   1.1468907e-15   1.2468548e-21      0.44463360      0.61641659
      0.18335742   1.4357192e-15   1.1599897e-15   1.2547353e-21      0.44688745      0.61283582
      0.18507277   1.4416819e-15   1.1732149e-15   1.2640105e-21      0.44866585      0.60932129
      0.18680417   1.4495291e-15   1.1865665e-15   1.2742578e-21      0.45012271      0.60586832
      0.18855178   1.4625071e-15   1.1992511e-15   1.2866628e-21      0.45054847      0.60243344
      0.19031573   1.4811359e-15   1.2110892e-15   1.3013901e-21      0.44984693      0.59904324
      0.19209618   1.5037792e-15   1.2224425e-15   1.3178237e-21      0.44840173      0.59577925
      0.19389329   1.5301658e-15   1.2339057e-15   1.3361198e-21      0.44640876      0.59272154
      0.19570721   1.5609837e-15   1.2454806e-15   1.3566120e-21      0.44378993      0.58985715
      0.19753810   1.5946562e-15   1.2571660e-15   1.3785375e-21      0.44082904      0.58717110
      0.19938612   1.6322692e-15   1.2679787e-15   1.4019459e-21      0.43719666      0.58431502
      0.20125143   1.6745549e-15   1.2771648e-15   1.4268268e-21      0.43268498      0.58103751
      0.20313419   1.7198456e-15   1.2852001e-15   1.4526039e-21      0.42768071      0.57756543
      0.20503456   1.7664163e-15   1.2933095e-15   1.4790357e-21      0.42268805      0.57438803
      0.20695271   1.8115347e-15   1.3014913e-15   1.5048003e-21      0.41807916      0.57145609
      0.20888881   1.8529923e-15   1.3097445e-15   1.5288300e-21      0.41411744      0.56877201
      0.21084302   1.8877420e-15   1.3178150e-15   1.5495288e-21      0.41110328      0.56615675
      0.21281551   1.9121521e-15   1.3252528e-15   1.5649236e-21      0.40935651      0.56329143
      0.21480645   1.9217971e-15   1.3321247e-15   1.5729078e-21      0.40939050      0.56024995
      0.21681602   1.9183185e-15   1.3390461e-15   1.5745720e-21      0.41108265      0.55743610
      0.21884439   1.9017109e-15   1.3460147e-15   1.5699126e-21      0.41444841      0.55483998
      0.22089173   1.8723700e-15   1.3530321e-15   1.5591216e-21      0.41949253      0.55246337
      0.22295823   1.8316426e-15   1.3593415e-15   1.5424844e-21      0.42599443      0.55033135
      0.22504407   1.7815236e-15   1.3613347e-15   1.5192210e-21      0.43315178      0.54857261
      0.22714941   1.7242056e-15   1.3587533e-15   1.4902662e-21      0.44073027      0.54718543
      0.22927445   1.6626051e-15   1.3557658e-15   1.4590452e-21      0.44917138      0.54599827
      0.23141937   1.5989138e-15   1.3527511e-15   1.4268003e-21      0.45830105      0.54500544
      0.23358436   1.5350460e-15   1.3497092e-15   1.3944569e-21      0.46787652      0.54421352
      0.23576960   1.4724372e-15   1.3465521e-15   1.3626665e-21      0.47767195      0.54362216
      0.23797529   1.4150104e-15   1.3393790e-15   1.3314396e-21      0.48627075      0.54298369
      0.24020161   1.3625454e-15   1.3287349e-15   1.3009334e-21      0.49371852      0.54234363
      0.24244876   1.3134620e-15   1.3171187e-15   1.2715920e-21      0.50069504      0.54191737
      0.24471693   1.2672973e-15   1.3053974e-15   1.2436105e-21      0.50740472      0.54179500
      0.24700632   1.2241609e-15   1.2935703e-15   1.2170418e-21      0.51378411      0.54199296
      0.24931712   1.1847890e-15   1.2816367e-15   1.1922413e-21      0.51963321      0.54257497
      0.25164955   1.1494820e-15   1.2713633e-15   1.1702083e-21      0.52517330      0.54319619
      0.25400379   1.1171724e-15   1.2629907e-15   1.1505430e-21      0.53063200      0.54365203
      0.25638007   1.0874363e-15   1.2554288e-15   1.1325136e-21      0.53585194      0.54413102
      0.25877857   1.0599418e-15   1.2477982e-15   1.1155345e-21      0.54070137      0.54480646
      0.26119951   1.0345333e-15   1.2400980e-15   1.0995302e-21      0.54518637      0.54568896
      0.26364310   1.0113992e-15   1.2323280e-15   1.0845915e-21      0.54923254      0.54684210
      0.26610954   9.9060121e-16   1.2243334e-15   1.0706735e-21      0.55276277      0.54783061
      0.26859907   9.7219566e-16   1.2160383e-15   1.0577667e-21      0.55571677      0.54844731
      0.27111188   9.5563471e-16   1.2075137e-15   1.0456407e-21      0.55822047      0.54886317
      0.27364820   9.4008732e-16   1.1989103e-15   1.0339664e-21      0.56050100      0.54946665
      0.27620825   9.2577213e-16   1.1902275e-15   1.0228495e-21      0.56248947      0.55029894
      0.27879225   9.1253460e-16   1.1814644e-15   1.0122146e-21      0.56421440      0.55136160
      0.28140042   9.0011936e-16   1.1732180e-15   1.0022270e-21      0.56585967      0.55242799
      0.28403300   8.8850732e-16   1.1659456e-15   9.9309850e-22      0.56752120      0.55332373
      0.28669020   8.7763251e-16   1.1596163e-15   9.8478226e-22      0.56920702      0.55404632
      0.28937226   8.6729544e-16   1.1532287e-15   9.7669772e-22      0.57075719      0.55496454
      0.29207941   8.5758815e-16   1.1467819e-15   9.6888903e-22      0.57214081      0.55612281
      0.29481189   8.4836860e-16   1.1402753e-15   9.6128719e-22      0.57339340      0.55748768
      0.29756993   8.3959036e-16   1.1338040e-15   9.5391575e-22      0.57454507      0.55885313
      0.30035377   8.3106983e-16   1.1274851e-15   9.4674254e-22      0.57567193      0.55993890
      0.30316366   8.2243363e-16   1.1214092e-15   9.3963089e-22      0.57690323      0.56050167
      0.30599983   8.1227436e-16   1.1152768e-15   9.3175568e-22      0.57859777      0.56121681
      0.30886254   8.0163026e-16   1.1090873e-15   9.2361852e-22      0.58045591      0.56207582
      0.31175203   7.9099923e-16   1.1028402e-15   9.1545981e-22      0.58233035      0.56307510
      0.31466855   7.8046877e-16   1.0965876e-15   9.0734711e-22      0.58420601      0.56410467
      0.31761236   7.7000855e-16   1.0904241e-15   8.9931139e-22      0.58611319      0.56496117
      0.32058370   7.5967220e-16   1.0845338e-15   8.9146759e-22      0.58807627      0.56525636
      0.32358284   7.4935647e-16   1.0785885e-15   8.8360723e-22      0.59005524      0.56574328
      0.32661004   7.3910070e-16   1.0725879e-15   8.7574906e-22      0.59203766      0.56639810
      0.32966556   7.2897420e-16   1.0665313e-15   8.6792634e-22      0.59400057      0.56722799
      0.33274967   7.1900590e-16   1.0604384e-15   8.6016257e-22      0.59593796      0.56818879
      0.33586263   7.0917665e-16   1.0543574e-15   8.5247173e-22      0.59786620      0.56916027
      0.33900471   6.9955479e-16   1.0485275e-15   8.4500253e-22      0.59981587      0.56951543
      0.34217619   6.9016612e-16   1.0426433e-15   8.3761978e-22      0.60170684      0.56998293
      0.34537733   6.8079000e-16   1.0367041e-15   8.3021656e-22      0.60361436      0.57056329
      0.34860843   6.7147878e-16   1.0307095e-15   8.2281791e-22      0.60552027      0.57126131
      0.35186975   6.6232641e-16   1.0246503e-15   8.1546480e-22      0.60738852      0.57205283
      0.35516158   6.5308581e-16   1.0184765e-15   8.0801368e-22      0.60929617      0.57279042
      0.35848421   6.4403331e-16   1.0119404e-15   8.0047831e-22      0.61108482      0.57265459
      0.36183792   6.3511557e-16   1.0053114e-15   7.9296321e-22      0.61283521      0.57253791
      0.36522301   6.2628021e-16   9.9862050e-16   7.8545800e-22      0.61457324      0.57255311
      0.36863976   6.1749132e-16   9.9186708e-16   7.7794503e-22      0.61631212      0.57270642
      0.37208848   6.0874934e-16   9.8505088e-16   7.7042439e-22      0.61805167      0.57300395
      0.37556947   6.0023437e-16   9.7824806e-16   7.6301994e-22      0.61973959      0.57339751
      0.37908301   5.9199800e-16   9.7179830e-16   7.5592084e-22      0.62143535      0.57338363
      0.38262943   5.8384515e-16   9.6540721e-16   7.4889047e-22      0.62314394      0.57331396
      0.38620903   5.7570868e-16   9.5895640e-16   7.4183914e-22      0.62486364      0.57333432
      0.38982211   5.6762017e-16   9.5244529e-16   7.3478186e-22      0.62658176      0.57344895
      0.39346900   5.5972585e-16   9.4587336e-16   7.2778905e-22      0.62823715      0.57367785
      0.39715000   5.5179476e-16   9.3920065e-16   7.2072974e-22      0.62991519      0.57394026
      0.40086544   5.4393558e-16   9.3209799e-16   7.1349736e-22      0.63148834      0.57351978
      0.40461564   5.3619912e-16   9.2473437e-16   7.0619816e-22      0.63297500      0.57277238
      0.40840093   5.2858809e-16   9.1730192e-16   6.9892632e-22      0.63442026      0.57211545
      0.41222162   5.2104480e-16   9.0979998e-16   6.9165363e-22      0.63584813      0.57155757
      0.41607806   5.1367506e-16   9.0222792e-16   6.8443094e-22      0.63721027      0.57113100
      0.41997058   5.0636307e-16   8.9459873e-16   6.7720855e-22      0.63856040      0.57080280
      0.42389951   4.9919852e-16   8.8723575e-16   6.7018611e-22      0.63994073      0.57033131
      0.42786520   4.9216153e-16   8.8010743e-16   6.6333876e-22      0.64135199      0.56972334
      0.43186799   4.8515496e-16   8.7291245e-16   6.5647390e-22      0.64276077      0.56918434
      0.43590823   4.7826727e-16   8.6565021e-16   6.4963399e-22      0.64412453      0.56873548
      0.43998626   4.7148209e-16   8.5832007e-16   6.4281081e-22      0.64544945      0.56837310
      0.44410244   4.6470993e-16   8.5092138e-16   6.3596079e-22      0.64677799      0.56809332
      0.44825714   4.5800061e-16   8.4332006e-16   6.2904319e-22      0.64804939      0.56746509
      0.45245070   4.5138836e-16   8.3544299e-16   6.2203922e-22      0.64922493      0.56624185
      0.45668349   4.4476505e-16   8.2748678e-16   6.1499166e-22      0.65041116      0.56507149
      0.46095588   4.3821198e-16   8.1945619e-16   6.0794208e-22      0.65156788      0.56399226
      0.46526824   4.3168057e-16   8.1135049e-16   6.0086667e-22      0.65271940      0.56298689
      0.46962095   4.2524985e-16   8.0316899e-16   5.9380330e-22      0.65382341      0.56206002
      0.47401437   4.1897846e-16   7.9507578e-16   5.8685962e-22      0.65489313      0.56109356
      0.47844890   4.1288935e-16   7.8735675e-16   5.8018492e-22      0.65599609      0.55987208
      0.48292491   4.0702066e-16   7.7960957e-16   5.7360317e-22      0.65699453      0.55868927
      0.48744280   4.0121693e-16   7.7178994e-16   5.6701780e-22      0.65795858      0.55756572
      0.49200295   3.9549235e-16   7.6389717e-16   5.6043533e-22      0.65887880      0.55650016
      0.49660576   3.8983316e-16   7.5593058e-16   5.5384879e-22      0.65976131      0.55549642
      0.50125164   3.8424194e-16   7.4789819e-16   5.4726330e-22      0.66060567      0.55445196
      0.50594097   3.7885518e-16   7.3984325e-16   5.4076574e-22      0.66134289      0.55283475
      0.51067418   3.7359093e-16   7.3171978e-16   5.3429427e-22      0.66200370      0.55119885
      0.51545167   3.6837704e-16   7.2352095e-16   5.2781071e-22      0.66262687      0.54960485
      0.52027385   3.6321504e-16   7.1524543e-16   5.2131518e-22      0.66320969      0.54806407
      0.52514115   3.5810695e-16   7.0689251e-16   5.1480828e-22      0.66374917      0.54658052
      0.53005398   3.5304877e-16   6.9847126e-16   5.0829248e-22      0.66424913      0.54515175
      0.53501277   3.4818861e-16   6.9059614e-16   5.0213640e-22      0.66481159      0.54338837
      0.54001795   3.4342219e-16   6.8273797e-16   4.9603382e-22      0.66533276      0.54160398
      0.54506996   3.3868490e-16   6.7483048e-16   4.8992148e-22      0.66583152      0.53984325
      0.55016923   3.3398247e-16   6.6684903e-16   4.8379024e-22      0.66629501      0.53812556
      0.55531620   3.2934807e-16   6.5879293e-16   4.7765580e-22      0.66669931      0.53645446
      0.56051133   3.2476789e-16   6.5066147e-16   4.7151114e-22      0.66705135      0.53484960
      0.56575506   3.2040679e-16   6.4281233e-16   4.6560886e-22      0.66735835      0.53288174
      0.57104784   3.1611442e-16   6.3499726e-16   4.5975626e-22      0.66763691      0.53081778
      0.57639014   3.1188005e-16   6.2714090e-16   4.5391174e-22      0.66786678      0.52874652
      0.58178242   3.0770368e-16   6.1921105e-16   4.4805973e-22      0.66803454      0.52670857
      0.58722514   3.0356755e-16   6.1120702e-16   4.4219133e-22      0.66815043      0.52470903
      0.59271878   2.9951330e-16   6.0312812e-16   4.3632631e-22      0.66818131      0.52278105
      0.59826382   2.9559305e-16   5.9539190e-16   4.3069170e-22      0.66824013      0.52059386
      0.60386073   2.9175641e-16   5.8781102e-16   4.2517261e-22      0.66829557      0.51827272
      0.60951001   2.8797641e-16   5.8024268e-16   4.1968695e-22      0.66831366      0.51591772
      0.61521213   2.8424524e-16   5.7260355e-16   4.1419068e-22      0.66826674      0.51359104
      0.62096760   2.8055552e-16   5.6489296e-16   4.0867990e-22      0.66815776      0.51131744
      0.62677691   2.7691247e-16   5.5711024e-16   4.0315682e-22      0.66797970      0.50909365
      0.63264057   2.7339631e-16   5.4957102e-16   3.9781278e-22      0.66779203      0.50671729
      0.63855908   2.6999164e-16   5.4222832e-16   3.9261763e-22      0.66758803      0.50420684
      0.64453297   2.6665413e-16   5.3493847e-16   3.8748048e-22      0.66734457      0.50164118
      0.65056274   2.6334618e-16   5.2758042e-16   3.8232467e-22      0.66704093      0.49910033
      0.65664892   2.6009180e-16   5.2015354e-16   3.7716147e-22      0.66665383      0.49660949
      0.66279204   2.5686192e-16   5.1265719e-16   3.7197654e-22      0.66620462      0.49414507
      0.66899263   2.5370723e-16   5.0535547e-16   3.6692203e-22      0.66576249      0.49158666
      0.67525123   2.5063900e-16   4.9831473e-16   3.6203547e-22      0.66534782      0.48889952
      0.68156837   2.4762613e-16   4.9138873e-16   3.5723114e-22      0.66492402      0.48614401
      0.68794462   2.4464817e-16   4.8439794e-16   3.5241236e-22      0.66442703      0.48343038
      0.69438052   2.4169782e-16   4.7734176e-16   3.4757532e-22      0.66386020      0.48074536
      0.70087663   2.3876833e-16   4.7021956e-16   3.4271645e-22      0.66322651      0.47808328
      0.70743351   2.3592198e-16   4.6322574e-16   3.3795983e-22      0.66255776      0.47538716
      0.71405173   2.3321390e-16   4.5653299e-16   3.3341558e-22      0.66188481      0.47260397
      0.72073187   2.3060884e-16   4.5003249e-16   3.2901406e-22      0.66118889      0.46976725
      0.72747450   2.2802520e-16   4.4347118e-16   3.2459349e-22      0.66042229      0.46696680
      0.73428021   2.2545403e-16   4.3684848e-16   3.2014929e-22      0.65959056      0.46418199
      0.74114959   2.2289351e-16   4.3016384e-16   3.1568028e-22      0.65869229      0.46141547
      0.74808324   2.2035785e-16   4.2351856e-16   3.1124233e-22      0.65776374      0.45863782
      0.75508175   2.1787848e-16   4.1712227e-16   3.0695194e-22      0.65688469      0.45578589
      0.76214573   2.1545874e-16   4.1095157e-16   3.0279942e-22      0.65604215      0.45289130
      0.76927580   2.1304412e-16   4.0472314e-16   2.9862147e-22      0.65513854      0.45001545
      0.77647257   2.1063482e-16   3.9843645e-16   2.9441792e-22      0.65417049      0.44715670
      0.78373668   2.0823081e-16   3.9209094e-16   2.9018851e-22      0.65313466      0.44431793
      0.79106873   2.0584944e-16   3.8574127e-16   2.8596803e-22      0.65204079      0.44148664
      0.79846938   2.0360176e-16   3.7971986e-16   2.8197085e-22      0.65096140      0.43859286
      0.80593927   2.0147300e-16   3.7398241e-16   2.7816841e-22      0.64988947      0.43564096
      0.81347904   1.9935922e-16   3.6822940e-16   2.7436570e-22      0.64876107      0.43269325
      0.82108935   1.9724802e-16   3.6242258e-16   2.7053822e-22      0.64756409      0.42976229
      0.82877085   1.9513890e-16   3.5656143e-16   2.6668549e-22      0.64629549      0.42685101
      0.83652421   1.9303023e-16   3.5064546e-16   2.6280647e-22      0.64495335      0.42396302
      0.84435011   1.9097639e-16   3.4499612e-16   2.5908284e-22      0.64368249      0.42095370
      0.85224922   1.8896415e-16   3.3955276e-16   2.5547889e-22      0.64246338      0.41780862
      0.86022223   1.8696497e-16   3.3413486e-16   2.5189356e-22      0.64121085      0.41463578
      0.86826983   1.8496603e-16   3.2866628e-16   2.4828385e-22      0.63988631      0.41148252
      0.87639272   1.8296626e-16   3.2314654e-16   2.4464901e-22      0.63848720      0.40835220
      0.88459160   1.8096912e-16   3.1757517e-16   2.4099048e-22      0.63700493      0.40527680
      0.89286718   1.7907306e-16   3.1224137e-16   2.3749565e-22      0.63552249      0.40213268
      0.90122018   1.7728439e-16   3.0717164e-16   2.3418038e-22      0.63405473      0.39887684
      0.90965133   1.7554890e-16   3.0220400e-16   2.3094017e-22      0.63255294      0.39557531
      0.91816135   1.7381742e-16   2.9718989e-16   2.2767943e-22      0.63096662      0.39229045
      0.92675099   1.7209241e-16   2.9212888e-16   2.2439914e-22      0.62928798      0.38903221
      0.93542098   1.7038330e-16   2.8702052e-16   2.2110365e-22      0.62749917      0.38584180
      0.94417209   1.6872429e-16   2.8205157e-16   2.1789978e-22      0.62570247      0.38255668
      0.95300506   1.6713695e-16   2.7729766e-16   2.1483449e-22      0.62393353      0.37912170
      0.96192067   1.6561898e-16   2.7268301e-16   2.1187006e-22      0.62213500      0.37558583
      0.97091968   1.6415302e-16   2.6802520e-16   2.0890990e-22      0.62017285      0.37207213
      0.98000288   1.6279022e-16   2.6332381e-16   2.0597854e-22      0.61796560      0.36862305
      0.98917106   1.6158127e-16   2.5857845e-16   2.0310029e-22      0.61542894      0.36522448
      0.99842501   1.6064253e-16   2.5394812e-16   2.0040827e-22      0.61252737      0.36179127
       1.0077655   1.6012300e-16   2.4955566e-16   1.9803387e-22      0.60914976      0.35826083
       1.0171934   1.6016553e-16   2.4540617e-16   1.9604861e-22      0.60508702      0.35462414
       1.0267095   1.6092654e-16   2.4121786e-16   1.9439190e-22      0.59982897      0.35102049
       1.0363147   1.6189698e-16   2.3699037e-16   1.9281748e-22      0.59412857      0.34748121
       1.0460097   1.6188235e-16   2.3272334e-16   1.9074777e-22      0.58976174      0.34397306
       1.0557954   1.6019391e-16   2.2852165e-16   1.8790055e-22      0.58788913      0.34046890
       1.0656726   1.5689656e-16   2.2450414e-16   1.8436464e-22      0.58863065      0.33693451
       1.0756422   1.5285277e-16   2.2076617e-16   1.8060303e-22      0.59088592      0.33333957
       1.0857051   1.4919127e-16   2.1699323e-16   1.7700931e-22      0.59257896      0.32981961
       1.0958622   1.4620735e-16   2.1318500e-16   1.7372606e-22      0.59318180      0.32634627
       1.1061143   1.4370317e-16   2.0934113e-16   1.7065749e-22      0.59295996      0.32291567
       1.1164623   1.4155137e-16   2.0552354e-16   1.6777195e-22      0.59215904      0.31951874
       1.1269070   1.3966483e-16   2.0184387e-16   1.6508131e-22      0.59103581      0.31613261
       1.1374495   1.3806882e-16   1.9853280e-16   1.6270929e-22      0.58981534      0.31271430
       1.1480907   1.3658410e-16   1.9519075e-16   1.6037608e-22      0.58832292      0.30935446
       1.1588314   1.3517117e-16   1.9181744e-16   1.5806247e-22      0.58661810      0.30602805
       1.1696725   1.3381810e-16   1.8841257e-16   1.5576254e-22      0.58471333      0.30273981
       1.1806151   1.3252280e-16   1.8499613e-16   1.5348493e-22      0.58263024      0.29949071
       1.1916601   1.3129605e-16   1.8161763e-16   1.5125881e-22      0.58040810      0.29627736
       1.2028084   1.3024453e-16   1.7858008e-16   1.4928220e-22      0.57825728      0.29308767
       1.2140609   1.2922115e-16   1.7551410e-16   1.4730546e-22      0.57595603      0.28994169
       1.2254188   1.2820374e-16   1.7241945e-16   1.4531773e-22      0.57354009      0.28684263
       1.2368829   1.2715684e-16   1.6929584e-16   1.4330176e-22      0.57107205      0.28379627
       1.2484543   1.2603862e-16   1.6615302e-16   1.4124202e-22      0.56864400      0.28080678
       1.2601339   1.2479886e-16   1.6306423e-16   1.3914965e-22      0.56646454      0.27789921
       1.2719227   1.2350346e-16   1.6033687e-16   1.3720509e-22      0.56488402      0.27498306
       1.2838219   1.2207927e-16   1.5763639e-16   1.3521128e-22      0.56355940      0.27209259
       1.2958324   1.2056773e-16   1.5491065e-16   1.3316302e-22      0.56233324      0.26923878
       1.3079552   1.1902511e-16   1.5215941e-16   1.3108742e-22      0.56109179      0.26642634
       1.3201915   1.1748381e-16   1.4938243e-16   1.2900002e-22      0.55976517      0.26366501
       1.3325422   1.1600245e-16   1.4661693e-16   1.2694714e-22      0.55828678      0.26099448
       1.3450085   1.1462230e-16   1.4407546e-16   1.2505147e-22      0.55692581      0.25829054
       1.3575914   1.1329898e-16   1.4159148e-16   1.2321107e-22      0.55549934      0.25560408
       1.3702920   1.1200234e-16   1.3908427e-16   1.2137233e-22      0.55392946      0.25296006
       1.3831115   1.1071961e-16   1.3655360e-16   1.1952898e-22      0.55223775      0.25036362
       1.3960508   1.0946400e-16   1.3399926e-16   1.1768729e-22      0.55038802      0.24785463
       1.4091112   1.0822840e-16   1.3144037e-16   1.1585308e-22      0.54842510      0.24541820
       1.4222938   1.0706898e-16   1.2907627e-16   1.1414985e-22      0.54659695      0.24293235
       1.4355998   1.0595422e-16   1.2681840e-16   1.1251956e-22      0.54481666      0.24042971
       1.4490302   1.0484153e-16   1.2453940e-16   1.1088005e-22      0.54293703      0.23796088
       1.4625862   1.0373142e-16   1.2223908e-16   1.0923150e-22      0.54095148      0.23554010
       1.4762691   1.0261956e-16   1.1991723e-16   1.0757168e-22      0.53886475      0.23320057
       1.4900800   1.0150839e-16   1.1758833e-16   1.0590879e-22      0.53669600      0.23090276
       1.5040200   1.0044978e-16   1.1540199e-16   1.0434022e-22      0.53463538      0.22853249
       1.5180905   9.9441000e-17   1.1335440e-16   1.0286281e-22      0.53269197      0.22608732
       1.5322927   9.8424856e-17   1.1128765e-16   1.0137257e-22      0.53066768      0.22367412
       1.5466276   9.7405341e-17   1.0920156e-16   9.9871361e-23      0.52854750      0.22133220
       1.5610967   9.6379202e-17   1.0709596e-16   9.8357514e-23      0.52633432      0.21904441
       1.5757012   9.5345832e-17   1.0497066e-16   9.6830651e-23      0.52402406      0.21680665
       1.5904423   9.4342450e-17   1.0294349e-16   9.5365717e-23      0.52179842      0.21452919
       1.6053213   9.3395211e-17   1.0109658e-16   9.4015058e-23      0.51979871      0.21214555
       1.6203395   9.2442782e-17   9.9233557e-17   9.2654100e-23      0.51771417      0.20979737
       1.6354982   9.1483052e-17   9.7353102e-17   9.1281188e-23      0.51554271      0.20750360
       1.6507987   9.0515393e-17   9.5455055e-17   8.9895939e-23      0.51328077      0.20524310
       1.6662423   8.9539590e-17   9.3539252e-17   8.8498171e-23      0.51092333      0.20302031
       1.6818305   8.8576028e-17   9.1662862e-17   8.7125372e-23      0.50856317      0.20075668
       1.6975644   8.7667593e-17   8.9945631e-17   8.5856155e-23      0.50641292      0.19828102
       1.7134456   8.6757265e-17   8.8225283e-17   8.4584517e-23      0.50419476      0.19584200
       1.7294753   8.5838765e-17   8.6488841e-17   8.3301149e-23      0.50188616      0.19343018
       1.7456550   8.4911789e-17   8.4736154e-17   8.2005831e-23      0.49948235      0.19104568
       1.7619860   8.3976008e-17   8.2967070e-17   8.0698331e-23      0.49697820      0.18869264
       1.7784699   8.3043542e-17   8.1212834e-17   7.9399611e-23      0.49442728      0.18635934
       1.7951079   8.2194365e-17   7.9675879e-17   7.8246183e-23      0.49222066      0.18397482
       1.8119016   8.1343360e-17   7.8143542e-17   7.7094103e-23      0.48996840      0.18161278
       1.8288524   8.0483788e-17   7.6599145e-17   7.5932052e-23      0.48763506      0.17926455
       1.8459618   7.9614930e-17   7.5040300e-17   7.4758529e-23      0.48521023      0.17693390
       1.8632312   7.8737877e-17   7.3466871e-17   7.3573995e-23      0.48268449      0.17462404
       1.8806622   7.7855018e-17   7.1878723e-17   7.2379539e-23      0.48004359      0.17234016
       1.8982563   7.7032619e-17   7.0447581e-17   7.1290204e-23      0.47767484      0.16983375
       1.9160150   7.6220989e-17   6.9027784e-17   7.0211558e-23      0.47523833      0.16729031
       1.9339398   7.5411468e-17   6.7601842e-17   6.9130961e-23      0.47269616      0.16473993
       1.9520323   7.4598899e-17   6.6162560e-17   6.8042443e-23      0.47003321      0.16219627
       1.9702941   7.3780656e-17   6.4709814e-17   6.6944673e-23      0.46725102      0.15966179
       1.9887267   7.2953825e-17   6.3243476e-17   6.5836182e-23      0.46435191      0.15716664
       2.0073317   7.2180995e-17   6.1932554e-17   6.4828921e-23      0.46179192      0.15463451
       2.0261108   7.1418796e-17   6.0660897e-17   6.3845779e-23      0.45927497      0.15208362
       2.0450656   7.0653401e-17   5.9391473e-17   6.2862171e-23      0.45669984      0.14952624
       2.0641977   6.9879702e-17   5.8110173e-17   6.1868809e-23      0.45402164      0.14696854
       2.0835088   6.9098033e-17   5.6816886e-17   6.0865799e-23      0.45123236      0.14441929
       2.1030006   6.8308463e-17   5.5511501e-17   5.9853122e-23      0.44832432      0.14191103
       2.1226747   6.7559513e-17   5.4308683e-17   5.8909660e-23      0.44563459      0.13932282
       2.1425329   6.6829115e-17   5.3155877e-17   5.7999342e-23      0.44302105      0.13668480
       2.1625768   6.6099872e-17   5.2011622e-17   5.7093715e-23      0.44036037      0.13402096
       2.1828083   6.5363732e-17   5.0856662e-17   5.6179579e-23      0.43758810      0.13134460
       2.2032290   6.4620695e-17   4.9690897e-17   5.5256887e-23      0.43469692      0.12868666
       2.2238408   6.3871010e-17   4.8514226e-17   5.4325709e-23      0.43167793      0.12603232
       2.2446454   6.3145263e-17   4.7403956e-17   5.3438199e-23      0.42880408      0.12337388
       2.2656446   6.2440077e-17   4.6351798e-17   5.2588720e-23      0.42605937      0.12071018
       2.2868403   6.1740402e-17   4.5320015e-17   5.1751753e-23      0.42331252      0.11803234
       2.3082343   6.1034306e-17   4.4278580e-17   5.0907017e-23      0.42044788      0.11534760
       2.3298284   6.0322012e-17   4.3227402e-17   5.0054576e-23      0.41745675      0.11267482
       2.3516246   5.9603254e-17   4.2166391e-17   4.9194256e-23      0.41433171      0.10998791
       2.3736246   5.8903902e-17   4.1153593e-17   4.8366623e-23      0.41129946      0.10728186
       2.3958305   5.8231958e-17   4.0207026e-17   4.7584253e-23      0.40844617      0.10455670
       2.4182441   5.7570888e-17   3.9289746e-17   4.6821297e-23      0.40563172      0.10180329
       2.4408674   5.6903814e-17   3.8363885e-17   4.6051291e-23      0.40269561     0.099051518
       2.4637023   5.6230653e-17   3.7429362e-17   4.5274155e-23      0.39963011     0.096276418
       2.4867509   5.5551419e-17   3.6486096e-17   4.4489858e-23      0.39642635     0.093472017
       2.5100151   5.4881871e-17   3.5569223e-17   4.3723001e-23      0.39324259     0.090677365
       2.5334969   5.4238283e-17   3.4715123e-17   4.2999036e-23      0.39026187     0.087943226
       2.5571984   5.3610728e-17   3.3901823e-17   4.2302544e-23      0.38739384     0.085252628
       2.5811217   5.2977595e-17   3.3080914e-17   4.1599677e-23      0.38440027     0.082549868
       2.6052687   5.2338699e-17   3.2252326e-17   4.0890312e-23      0.38127362     0.079814081
       2.6296417   5.1693994e-17   3.1415986e-17   4.0174393e-23      0.37800498     0.077043940
       2.6542427   5.1052196e-17   3.0589654e-17   3.9464715e-23      0.37468105     0.074262300
       2.6790738   5.0434348e-17   2.9816231e-17   3.8792191e-23      0.37153914     0.071538639
       2.7041372   4.9837615e-17   2.9089974e-17   3.8152674e-23      0.36856534     0.068890778
       2.7294351   4.9235383e-17   2.8356924e-17   3.7507213e-23      0.36546051     0.066202580
       2.7549697   4.8627690e-17   2.7617015e-17   3.6855798e-23      0.36221552     0.063471383
       2.7807431   4.8014532e-17   2.6870185e-17   3.6198396e-23      0.35882068     0.060694705
       2.8067577   4.7399905e-17   2.6123921e-17   3.5540557e-23      0.35531232     0.057889366
       2.8330156   4.6815706e-17   2.5437959e-17   3.4926577e-23      0.35206462     0.055246317
       2.8595192   4.6253153e-17   2.4795900e-17   3.4344281e-23      0.34899691     0.052713116
       2.8862708   4.5689338e-17   2.4154996e-17   3.3761934e-23      0.34584046     0.050158379
       2.9132726   4.5120463e-17   2.3508097e-17   3.3174243e-23      0.34254102     0.047558450
       2.9405270   4.4546535e-17   2.2855145e-17   3.2581184e-23      0.33908866     0.044910432
       2.9680364   4.3967558e-17   2.2196085e-17   3.1982731e-23      0.33547254     0.042215510
       2.9958031   4.3415535e-17   2.1589901e-17   3.1422868e-23      0.33212455     0.039705478
       3.0238296   4.2882297e-17   2.1021424e-17   3.0890311e-23      0.32895462     0.037295699
       3.0521183   4.2352330e-17   2.0461725e-17   3.0363580e-23      0.32575074     0.034890837
       3.0806717   4.1818295e-17   1.9896790e-17   2.9832350e-23      0.32239751     0.032436459
       3.1094922   4.1280541e-17   1.9326569e-17   2.9296768e-23      0.31888287     0.029928968
       3.1385823   4.0740358e-17   1.8751015e-17   2.8757433e-23      0.31518881     0.027388655
       3.1679445   4.0230978e-17   1.8212881e-17   2.8251078e-23      0.31163037     0.024996861
       3.1975814   3.9762309e-17   1.7712583e-17   2.7782690e-23      0.30817949     0.022750968
       3.2274956   3.9367377e-17   1.7229076e-17   2.7358063e-23      0.30441972     0.020562589
       3.2576897   3.9087572e-17   1.6741047e-17   2.6986902e-23      0.29986497     0.018326224
       3.2881662   3.8979325e-17   1.6248452e-17   2.6696461e-23      0.29420797     0.016045785
       3.3189279   3.8456490e-17   1.5751249e-17   2.6203387e-23      0.29057195     0.013735238
       3.3499773   3.7619298e-17   1.5276333e-17   2.5569129e-23      0.28880141     0.011508462
       3.3813172   3.6870613e-17   1.4834034e-17   2.4993421e-23      0.28689943    0.0094258658
       3.4129503   3.6343013e-17   1.4414854e-17   2.4535759e-23      0.28399251    0.0074479562
       3.4448793   3.5850216e-17   1.3991753e-17   2.4093025e-23      0.28072232    0.0054229215
       3.4771070   3.5365129e-17   1.3564694e-17   2.3652104e-23      0.27722753    0.0033699227
       3.5096363   3.4879446e-17   1.3133639e-17   2.3208964e-23      0.27354292    0.0012698184
       3.5424698   3.4404598e-17   1.2717599e-17   2.2778319e-23      0.26988552  -0.00076806005
       3.5756105   3.3949293e-17   1.2330186e-17   2.2370959e-23      0.26642881   -0.0026500370
       3.6090613   3.3514025e-17   1.1972686e-17   2.1987744e-23      0.26321283   -0.0043530447
       3.6428250   3.3075326e-17   1.1611840e-17   2.1601254e-23      0.25984732   -0.0060893965
       3.6769045   3.2632934e-17   1.1247619e-17   2.1211346e-23      0.25632355   -0.0078548125
       3.7113029   3.2186700e-17   1.0879991e-17   2.0817935e-23      0.25263123   -0.0096673125
       3.7460231   3.1745556e-17   1.0520750e-17   2.0431038e-23      0.24891577    -0.011456259
       3.7810681   3.1319929e-17   1.0183664e-17   2.0062351e-23      0.24536825    -0.013126992
       3.8164410   3.0919236e-17   9.8811864e-18   1.9722447e-23      0.24218343    -0.014582768
       3.8521448   3.0514943e-17   9.5758791e-18   1.9379435e-23      0.23885464    -0.016056196
       3.8881826   3.0107010e-17   9.2677155e-18   1.9033282e-23      0.23537219    -0.017566413
       3.9245575   2.9695432e-17   8.9566691e-18   1.8683973e-23      0.23172528    -0.019118190
       3.9612728   2.9285045e-17   8.6490665e-18   1.8336906e-23      0.22800235    -0.020674851
       3.9983315   2.8884598e-17   8.3563223e-18   1.8001825e-23      0.22438550    -0.022157896
       4.0357369   2.8512593e-17   8.1022968e-18   1.7699209e-23      0.22128421    -0.023384926
       4.0734923   2.8137231e-17   7.8458948e-18   1.7393822e-23      0.21804372    -0.024633900
       4.1116008   2.7758454e-17   7.5870942e-18   1.7085625e-23      0.21465487    -0.025915641
       4.1500659   2.7376245e-17   7.3258723e-18   1.6774598e-23      0.21110736    -0.027233253
       4.1888909   2.6993084e-17   7.0650762e-18   1.6463316e-23      0.20744151    -0.028570577
       4.2280790   2.6615852e-17   6.8126228e-18   1.6158934e-23      0.20379700    -0.029868077
       4.2676338   2.6272291e-17   6.6002468e-18   1.5890200e-23      0.20078300    -0.030871833
       4.3075586   2.5926144e-17   6.3865100e-18   1.5619559e-23      0.19764734    -0.031895903
       4.3478569   2.5576881e-17   6.1707738e-18   1.5346445e-23      0.19436944    -0.032947342
       4.3885322   2.5224492e-17   5.9530192e-18   1.5070844e-23      0.19093953    -0.034028817
       4.4295881   2.4869802e-17   5.7340243e-18   1.4793532e-23      0.18736299    -0.035138034
       4.4710280   2.4521412e-17   5.5217358e-18   1.4522506e-23      0.18379352    -0.036207854
       4.5128556   2.4206823e-17   5.3415658e-18   1.4283346e-23      0.18077350    -0.037055306
       4.5550745   2.3895559e-17   5.1653656e-18   1.4047711e-23      0.17774265    -0.037880878
       4.5976884   2.3581548e-17   4.9875170e-18   1.3809952e-23      0.17457753    -0.038729069
       4.6407010   2.3264782e-17   4.8080046e-18   1.3570057e-23      0.17126923    -0.039602142
       4.6841159   2.2945251e-17   4.6268128e-18   1.3328013e-23      0.16780799    -0.040499933
       4.7279370   2.2629855e-17   4.4496381e-18   1.3089910e-23      0.16431763    -0.041371018
       4.7721681   2.2343282e-17   4.2971132e-18   1.2877655e-23      0.16130066    -0.042064003
       4.8168130   2.2065887e-17   4.1527845e-18   1.2673799e-23      0.15839035    -0.042695678
       4.8618755   2.1786329e-17   4.0071056e-18   1.2468245e-23      0.15535370    -0.043345438
       4.9073596   2.1504716e-17   3.8600638e-18   1.2261038e-23      0.15218203    -0.044015153
       4.9532692   2.1221437e-17   3.7116464e-18   1.2052361e-23      0.14886432    -0.044698491
       4.9996083   2.0941341e-17   3.5649897e-18   1.1846074e-23      0.14547220    -0.045382827
       5.0463809   2.0688813e-17   3.4369880e-18   1.1662130e-23      0.14246109    -0.045963633
       5.0935911   2.0455667e-17   3.3205551e-18   1.1493147e-23      0.13965865    -0.046474391
       5.1412430   2.0226951e-17   3.2030329e-18   1.1325780e-23      0.13670658    -0.046999757
       5.1893406   2.0008571e-17   3.0844113e-18   1.1162878e-23      0.13356487    -0.047538454
       5.2378882   1.9797405e-17   2.9646799e-18   1.1002925e-23      0.13024642    -0.048088426
       5.2868900   1.9553743e-17   2.8450739e-18   1.0827326e-23      0.12701894    -0.048647261
       5.3363502   1.9304849e-17   2.7378939e-18   1.0655204e-23      0.12420840    -0.049116344
       5.3862732   1.9070558e-17   2.6440623e-18   1.0496594e-23      0.12176415    -0.049475809
       5.4366631   1.8851014e-17   2.5493530e-18   1.0344687e-23      0.11912660    -0.049846316
       5.4875245   1.8646836e-17   2.4537576e-18   1.0199780e-23      0.11628855    -0.050223729
       5.5388617   1.8455301e-17   2.3572679e-18   1.0060552e-23      0.11326175    -0.050613367
       5.5906792   1.8283581e-17   2.2602368e-18   9.9306415e-24      0.11002029    -0.051014301
       5.6429814   1.8144112e-17   2.1709588e-18   9.8200677e-24      0.10686445    -0.051354781
       5.6957730   1.8030404e-17   2.0965358e-18   9.7291275e-24      0.10416565    -0.051560017
       5.7490584   1.7835567e-17   2.0214166e-18   9.5986338e-24      0.10179877    -0.051771506
       5.8028423   1.7624532e-17   1.9455947e-18   9.4599705e-24     0.099416559    -0.051989558
       5.8571294   1.7439273e-17   1.8690634e-18   9.3334241e-24     0.096800850    -0.052216633
       5.9119244   1.7285660e-17   1.7918161e-18   9.2218291e-24     0.093923121    -0.052453881
       5.9672319   1.7176318e-17   1.7180467e-18   9.1333146e-24     0.090929053    -0.052696329
       6.0230569   1.7143612e-17   1.6583470e-18   9.0886470e-24     0.088200755    -0.052924646
       6.0794042   1.7266203e-17   1.5986977e-18   9.1190722e-24     0.084744558    -0.053155292
       6.1362785   1.7648202e-17   1.5384922e-18   9.2746237e-24     0.080185371    -0.053393101
       6.1936850   1.7978626e-17   1.4777235e-18   9.4049720e-24     0.075950707    -0.053638888
       6.2516285   1.7884848e-17   1.4163864e-18   9.3299907e-24     0.073383202    -0.053893615
       6.3101141   1.7134570e-17   1.3558445e-18   8.9380500e-24     0.073326888    -0.054118634
       6.3691469   1.6564931e-17   1.3078187e-18   8.6394781e-24     0.073173895    -0.053951360
       6.4287319   1.6218209e-17   1.2603834e-18   8.4489471e-24     0.072110121    -0.053755828
       6.4888743   1.5979922e-17   1.2126609e-18   8.3106935e-24     0.070533955    -0.053556518
       6.5495794   1.5804222e-17   1.1644919e-18   8.2024780e-24     0.068625817    -0.053358693
       6.6108524   1.5659183e-17   1.1158723e-18   8.1088657e-24     0.066519735    -0.053162835
       6.6726986   1.5520089e-17   1.0667978e-18   8.0179070e-24     0.064315733    -0.052970469
       6.7351234   1.5386458e-17   1.0282189e-18   7.9346629e-24     0.062640217    -0.052864096
       6.7981322   1.5246316e-17   9.9067675e-19   7.8487722e-24     0.061013563    -0.052770080
       6.8617305   1.5108369e-17   9.5314329e-19   7.7639473e-24     0.059343308    -0.052681481
       6.9259238   1.4980409e-17   9.1525870e-19   7.6837798e-24     0.057579129    -0.052596088
       6.9907176   1.4867910e-17   8.7701968e-19   7.6109148e-24     0.055701722    -0.052514518
       7.0561175   1.4776309e-17   8.3842293e-19   7.5479787e-24     0.053694354    -0.052440217
       7.1221293   1.4902647e-17   8.0652810e-19   7.5936316e-24     0.051341212    -0.052302549
       7.1887587   1.5114728e-17   7.7662268e-19   7.6816929e-24     0.048870779    -0.052144818
       7.2560113   1.5369673e-17   7.4703025e-19   7.7906258e-24     0.046351306    -0.051983803
       7.3238932   1.5659040e-17   7.1716097e-19   7.9160638e-24     0.043792879    -0.051825962
       7.3924101   1.6002933e-17   6.8701226e-19   8.0677243e-24     0.041163243    -0.051673545
       7.4615680   1.6445247e-17   6.5658151e-19   8.2668240e-24     0.038392473    -0.051530527
       7.5313729   1.7649499e-17   6.3065536e-19   8.8364129e-24     0.034499454    -0.051348923
       7.6018308   1.9177997e-17   6.0726584e-19   9.5639646e-24     0.030692837    -0.051143508
       7.6729479   2.0698254e-17   5.8455053e-19   1.0287859e-23     0.027465860    -0.050929809
       7.7447303   2.2139181e-17   5.6162270e-19   1.0973303e-23     0.024740213    -0.050715947
       7.8171842   2.3575373e-17   5.3848039e-19   1.1656355e-23     0.022330748    -0.050507255
       7.8903160   2.4899892e-17   5.1512157e-19   1.2285320e-23     0.020268396    -0.050300690
       7.9641319   2.6872661e-17   4.9505455e-19   1.3229234e-23     0.018088998    -0.050012946
       8.0386384   2.9503994e-17   4.7799459e-19   1.4492943e-23     0.015942725    -0.049643948
       8.1138420   3.2474319e-17   4.6203257e-19   1.5921047e-23     0.014028043    -0.049233175
       8.1897490   3.5562786e-17   4.4592123e-19   1.7406188e-23     0.012383705    -0.048810054
       8.2663662   3.8749355e-17   4.2965915e-19   1.8938677e-23     0.010966564    -0.048374597
       8.3437002   4.2005910e-17   4.1324495e-19   2.0504923e-23    0.0097419420    -0.047921793
       8.4217577   4.5302541e-17   3.9843577e-19   2.2091318e-23    0.0087183206    -0.047415751
       8.5005454   4.8619197e-17   3.8594352e-19   2.3688512e-23    0.0078755722    -0.046843059
       8.5800702   5.1952799e-17   3.7456752e-19   2.5294437e-23    0.0071581572    -0.046226056
       8.6603389   5.5188767e-17   3.6308509e-19   2.6853115e-23    0.0065359673    -0.045591632
       8.7413586   5.8401146e-17   3.5149524e-19   2.8400340e-23    0.0059826287    -0.044932205
       8.8231363   6.1650787e-17   3.3979696e-19   2.9965523e-23    0.0054814287    -0.044244900
       8.9056790   6.4913334e-17   3.2905445e-19   3.1537408e-23    0.0050435683    -0.043494539
       8.9889939   6.8129381e-17   3.2054426e-19   3.3087893e-23    0.0046829015    -0.042645292
       9.0730883   7.1326495e-17   3.1346457e-19   3.4629918e-23    0.0043755548    -0.041727787
       9.1579693   7.4565405e-17   3.0631865e-19   3.6192116e-23    0.0040912461    -0.040784140
       9.2436445   7.7841154e-17   2.9910588e-19   3.7772088e-23    0.0038278075    -0.039809296
       9.3301212   8.1152128e-17   2.9182563e-19   3.9369055e-23    0.0035831466    -0.038800808
       9.4174069   8.3903316e-17   2.8439668e-19   4.0695356e-23    0.0033781257    -0.037825479
       9.5055091   8.4364909e-17   2.7658377e-19   4.0914707e-23    0.0032677090    -0.037093149
       9.5944356   8.3027454e-17   2.6845280e-19   4.0264267e-23    0.0032228811    -0.036560459
       9.6841940   8.1640487e-17   2.6024057e-19   3.9589854e-23    0.0031775124    -0.036014852
       9.7747921   8.0241676e-17   2.5195152e-19   3.8909678e-23    0.0031300803    -0.035450040
       9.8662378   7.8830770e-17   2.4358492e-19   3.8223618e-23    0.0030804541    -0.034864071
       9.9585390   7.7379925e-17   2.3520690e-19   3.7518247e-23    0.0030304258    -0.034264277
       10.051704   7.5586548e-17   2.2754931e-19   3.6647648e-23    0.0030014116    -0.033765310
       10.145740   7.3548657e-17   2.2037342e-19   3.5659086e-23    0.0029873434    -0.033335989
       10.240656   7.1452741e-17   2.1322688e-19   3.4642491e-23    0.0029752878    -0.032908869
       10.336460   6.9338256e-17   2.0601347e-19   3.3616887e-23    0.0029623357    -0.032467973
       10.433160   6.7205303e-17   1.9873259e-19   3.2582322e-23    0.0029483782    -0.032011864
       10.530765   6.5054389e-17   1.9138359e-19   3.1539043e-23    0.0029332718    -0.031540331
       10.629283   6.2815352e-17   1.8446790e-19   3.0453376e-23    0.0029280703    -0.031211719
       10.728723   6.0510225e-17   1.7783001e-19   2.9335896e-23    0.0029302308    -0.030982249
       10.829093   5.8174147e-17   1.7125054e-19   2.8203483e-23    0.0029351164    -0.030789242
       10.930402   5.5833277e-17   1.6460951e-19   2.7068723e-23    0.0029395665    -0.030594828
       11.032658   5.3505852e-17   1.5790636e-19   2.5940433e-23    0.0029425139    -0.030399023
       11.135872   5.1299393e-17   1.5114049e-19   2.4870586e-23    0.0029375884    -0.030206059
       11.240051   4.9295728e-17   1.4508855e-19   2.3899112e-23    0.0029345904    -0.029998142
       11.345204   4.7408538e-17   1.3975043e-19   2.2984287e-23    0.0029391263    -0.029773776
       11.451342   4.5568767e-17   1.3476987e-19   2.2092555e-23    0.0029487843    -0.029540320
       11.558472   4.3733015e-17   1.2974272e-19   2.1202744e-23    0.0029579245    -0.029305363
       11.666604   4.1942211e-17   1.2466855e-19   2.0334637e-23    0.0029635796    -0.029071013
       11.775748   4.0184953e-17   1.1954690e-19   1.9482724e-23    0.0029660931    -0.028839646
       11.885914   3.8532137e-17   1.1469024e-19   1.8681424e-23    0.0029676497    -0.028643934
       11.997109   3.7013390e-17   1.1024172e-19   1.7945129e-23    0.0029695835    -0.028502004
       12.109345   3.5589228e-17   1.0610909e-19   1.7254709e-23    0.0029726317    -0.028405688
       12.222631   3.4144707e-17   1.0193780e-19   1.6554428e-23    0.0029765777    -0.028311781
       12.336977   3.2708491e-17   9.7727486e-20   1.5858142e-23    0.0029789317    -0.028224009
       12.452393   3.1277211e-17   9.3477783e-20   1.5164224e-23    0.0029797810    -0.028140506
       12.568888   2.9927033e-17   8.9441443e-20   1.4509613e-23    0.0029797451    -0.028073096
       12.686473   2.8710337e-17   8.5801475e-20   1.3919717e-23    0.0029796174    -0.028030947
       12.805159   2.7630573e-17   8.2591176e-20   1.3396220e-23    0.0029802145    -0.028016168
       12.924954   2.6532132e-17   7.9350843e-20   1.2863679e-23    0.0029818272    -0.028007801
       13.045870   2.5445737e-17   7.6080196e-20   1.2336948e-23    0.0029809866    -0.028007003
       13.167918   2.4364691e-17   7.2778952e-20   1.1812787e-23    0.0029781705    -0.028013868
       13.291107   2.3361543e-17   6.9565028e-20   1.1326324e-23    0.0029689175    -0.028026322
       13.415449   2.2532853e-17   6.6595949e-20   1.0924309e-23    0.0029467953    -0.028040125
       13.540954   2.1988572e-17   6.4053574e-20   1.0659981e-23    0.0029045781    -0.028048620
       13.667633   2.1426147e-17   6.1487414e-20   1.0386871e-23    0.0028615255    -0.028066896
       13.795497   2.0860587e-17   5.8897247e-20   1.0112234e-23    0.0028154253    -0.028094453
       13.924558   2.0295648e-17   5.6282848e-20   9.8378852e-24    0.0027654795    -0.028132817
       14.054825   1.9803270e-17   5.3714317e-20   9.5986339e-24    0.0027050591    -0.028173499
       14.186312   1.9520309e-17   5.1328283e-20   9.4607004e-24    0.0026225851    -0.028195659
       14.319028   1.9782695e-17   4.9459603e-20   9.5866314e-24    0.0024939097    -0.028143136
       14.452987   2.0046567e-17   4.7573440e-20   9.7132725e-24    0.0023675280    -0.028094556
       14.588198   2.0315487e-17   4.5669632e-20   9.8423452e-24    0.0022429782    -0.028049658
       14.724674   2.0589152e-17   4.3748014e-20   9.9737026e-24    0.0021203037    -0.028009090
       14.862427   2.0877506e-17   4.1841201e-20   1.0112168e-23    0.0020001199    -0.027968489
       15.001469   2.1217283e-17   4.0059570e-20   1.0275551e-23    0.0018845051    -0.027910662
       15.141812   2.1712334e-17   3.8712180e-20   1.0514201e-23    0.0017797848    -0.027782558
       15.283467   2.2218348e-17   3.7370206e-20   1.0758154e-23    0.0016791283    -0.027648932
       15.426448   2.2729414e-17   3.6015677e-20   1.1004542e-23    0.0015820337    -0.027512401
       15.570767   2.3245706e-17   3.4648476e-20   1.1253451e-23    0.0014883140    -0.027372693
       15.716435   2.3767915e-17   3.3273826e-20   1.1505216e-23    0.0013979901    -0.027229459
       15.863466   2.4303167e-17   3.1970397e-20   1.1763321e-23    0.0013137545    -0.027084531
       16.011873   2.4868089e-17   3.0937854e-20   1.2035898e-23    0.0012425326    -0.026934479
       16.161668   2.5447419e-17   2.9952036e-20   1.2315463e-23    0.0011756329    -0.026778345
       16.312865   2.6038921e-17   2.8956995e-20   1.2600907e-23    0.0011108306    -0.026614966
       16.465476   2.6637549e-17   2.7952646e-20   1.2889791e-23    0.0010482700    -0.026443525
       16.619515   2.7215455e-17   2.6938900e-20   1.3168655e-23   0.00098885951    -0.026263561
       16.774995   2.7776276e-17   2.5959851e-20   1.3439275e-23   0.00093373250    -0.026078566
       16.931929   2.8219106e-17   2.5150955e-20   1.3652943e-23   0.00089048033    -0.025898901
       17.090332   2.8613666e-17   2.4407696e-20   1.3843310e-23   0.00085228132    -0.025716737
       17.250216   2.9009601e-17   2.3657483e-20   1.4034337e-23   0.00081484079    -0.025524304
       17.411596   2.9408007e-17   2.2900252e-20   1.4226556e-23   0.00077810215    -0.025320480
       17.574486   2.9799265e-17   2.2135937e-20   1.4415316e-23   0.00074228359    -0.025104833
       17.738900   3.0152860e-17   2.1386412e-20   1.4585878e-23   0.00070876375    -0.024884975
       17.904852   3.0284151e-17   2.0732869e-20   1.4649026e-23   0.00068414283    -0.024697840
       18.072356   3.0260055e-17   2.0144227e-20   1.4637094e-23   0.00066526073    -0.024533360
       18.241428   3.0236287e-17   1.9550079e-20   1.4625318e-23   0.00064615891    -0.024358759
       18.412081   3.0214380e-17   1.8950372e-20   1.4614438e-23   0.00062680399    -0.024173149
       18.584331   3.0193687e-17   1.8345055e-20   1.4604143e-23   0.00060721025    -0.023975389
       18.758192   3.0156098e-17   1.7738711e-20   1.4585680e-23   0.00058788383    -0.023772206
       18.933680   2.9930966e-17   1.7173594e-20   1.4476580e-23   0.00057344444    -0.023641102
       19.110809   2.9486141e-17   1.6657419e-20   1.4261308e-23   0.00056460471    -0.023603497
       19.289596   2.9036501e-17   1.6136415e-20   1.4043705e-23   0.00055541995    -0.023559348
       19.470055   2.8584456e-17   1.5610536e-20   1.3824938e-23   0.00054582168    -0.023506689
       19.652202   2.8128601e-17   1.5079738e-20   1.3604326e-23   0.00053581257    -0.023445607
       19.836054   2.7668083e-17   1.4546609e-20   1.3381459e-23   0.00052547787    -0.023378018
       20.021625   2.7195073e-17   1.4041513e-20   1.3152568e-23   0.00051605916    -0.023339252
       20.208933   2.6701519e-17   1.3595873e-20   1.2913774e-23   0.00050892064    -0.023371367
       20.397992   2.6203459e-17   1.3146065e-20   1.2672800e-23   0.00050144040    -0.023400619
       20.588821   2.5700769e-17   1.2692049e-20   1.2429586e-23   0.00049359549    -0.023426718
       20.781435   2.5193440e-17   1.2233785e-20   1.2184128e-23   0.00048535836    -0.023449850
       20.975850   2.4682024e-17   1.1771835e-20   1.1936692e-23   0.00047671225    -0.023469461
       21.172085   2.4189098e-17   1.1329024e-20   1.1698203e-23   0.00046813323    -0.023481947
       21.370155   2.3782472e-17   1.0973876e-20   1.1501473e-23   0.00046121423    -0.023476602
       21.570078   2.3372063e-17   1.0615405e-20   1.1302913e-23   0.00045398583    -0.023469143
       21.771872   2.2957826e-17   1.0253580e-20   1.1102501e-23   0.00044642742    -0.023459654
       21.975553   2.2539728e-17   9.8883711e-21   1.0900221e-23   0.00043851615    -0.023447863
       22.181140   2.2117757e-17   9.5197452e-21   1.0696067e-23   0.00043022669    -0.023433450
       22.388651   2.1697110e-17   9.1534263e-21   1.0492554e-23   0.00042169516    -0.023416387
       22.598102   2.1340600e-17   8.8589298e-21   1.0320079e-23   0.00041494869    -0.023400494
       22.809513   2.0984997e-17   8.5663488e-21   1.0148043e-23   0.00040804644    -0.023383803
       23.022902   2.0626865e-17   8.2718853e-21   9.9747836e-24   0.00040086409    -0.023366009
       23.238287   2.0265416e-17   7.9746670e-21   9.7999197e-24   0.00039335636    -0.023346927
       23.455687   1.9900621e-17   7.6746681e-21   9.6234374e-24   0.00038550101    -0.023326391
       23.675121   1.9532434e-17   7.3718627e-21   9.4453134e-24   0.00037727411    -0.023304223
       23.896608   1.9226088e-17   7.1344148e-21   9.2971148e-24   0.00037094225    -0.023353227
       24.120167   1.8925311e-17   6.9035444e-21   9.1516111e-24   0.00036464537    -0.023411646
       24.345817   1.8623520e-17   6.6723808e-21   9.0056170e-24   0.00035814879    -0.023472064
       24.573579   1.8318917e-17   6.4390546e-21   8.8582628e-24   0.00035137405    -0.023532380
       24.803471   1.8011476e-17   6.2035455e-21   8.7095358e-24   0.00034430324    -0.023592515
       25.035514   1.7701189e-17   5.9658332e-21   8.5594315e-24   0.00033691653    -0.023651010
       25.269728   1.7420706e-17   5.7661125e-21   8.4237526e-24   0.00033088239    -0.023691164
       25.506132   1.7149029e-17   5.5785718e-21   8.2923367e-24   0.00032519378    -0.023724980
       25.744749   1.6877642e-17   5.3927429e-21   8.1610617e-24   0.00031941786    -0.023757538
       25.985597   1.6603733e-17   5.2051756e-21   8.0285666e-24   0.00031339604    -0.023790495
       26.228699   1.6327277e-17   5.0158535e-21   7.8948392e-24   0.00030711264    -0.023823604
       26.474076   1.6048249e-17   4.8247603e-21   7.7598681e-24   0.00030055055    -0.023856653
       26.721747   1.5794286e-17   4.6582665e-21   7.6370250e-24   0.00029484669    -0.023864509
       26.971736   1.5555006e-17   4.5064785e-21   7.5212862e-24   0.00028962852    -0.023856020
       27.224064   1.5318765e-17   4.3583008e-21   7.4070185e-24   0.00028442641    -0.023842400
       27.478752   1.5080316e-17   4.2087370e-21   7.2916830e-24   0.00027901024    -0.023828701
       27.735823   1.4839650e-17   4.0577739e-21   7.1752748e-24   0.00027336659    -0.023815227
       27.995298   1.4596734e-17   3.9053985e-21   7.0577783e-24   0.00026748133    -0.023801739
       28.257202   1.4370084e-17   3.7685949e-21   6.9481521e-24   0.00026218405    -0.023770574
       28.521555   1.4158930e-17   3.6466645e-21   6.8460238e-24   0.00025748595    -0.023721776
       28.788381   1.3951992e-17   3.5292724e-21   6.7459358e-24   0.00025289434    -0.023666470
       29.057704   1.3743117e-17   3.4107822e-21   6.6449105e-24   0.00024811955    -0.023611261
       29.329546   1.3532289e-17   3.2911834e-21   6.5429410e-24   0.00024315053    -0.023556234
       29.603932   1.3319485e-17   3.1704657e-21   6.4400158e-24   0.00023797551    -0.023500856
       29.880884   1.3113759e-17   3.0580727e-21   6.3405158e-24   0.00023314138    -0.023436747
       30.160428   1.2919506e-17   2.9585944e-21   6.2465680e-24   0.00022894971    -0.023359592
       30.442586   1.2729409e-17   2.8644177e-21   6.1546322e-24   0.00022497299    -0.023276381
       30.727384   1.2537525e-17   2.7693599e-21   6.0618315e-24   0.00022083692    -0.023194187
       31.014847   1.2343843e-17   2.6734128e-21   5.9681617e-24   0.00021653175    -0.023111570
       31.304999   1.2148345e-17   2.5765681e-21   5.8736131e-24   0.00021204715    -0.023028560
       31.597865   1.1957428e-17   2.4838598e-21   5.7812817e-24   0.00020768211    -0.022938203
       31.893471   1.1779983e-17   2.4022759e-21   5.6954670e-24   0.00020388707    -0.022830571
       32.191843   1.1609642e-17   2.3268257e-21   5.6130899e-24   0.00020038167    -0.022713870
       32.493006   1.1437698e-17   2.2506696e-21   5.5299375e-24   0.00019673774    -0.022597162
       32.796986   1.1264142e-17   2.1738011e-21   5.4460053e-24   0.00019294693    -0.022479666
       33.103811   1.1088960e-17   2.0962135e-21   5.3612866e-24   0.00018900035    -0.022361397
       33.413505   1.0915355e-17   2.0199886e-21   5.2773314e-24   0.00018502512    -0.022237842
       33.726097   1.0754762e-17   1.9525471e-21   5.1996700e-24   0.00018151891    -0.022093303
       34.041614   1.0602933e-17   1.8911317e-21   5.1262479e-24   0.00017832749    -0.021935329
       34.360082   1.0450157e-17   1.8294529e-21   5.0523679e-24   0.00017503399    -0.021775314
       34.681529   1.0295946e-17   1.7671971e-21   4.9777940e-24   0.00017161064    -0.021613902
       35.005984   1.0140286e-17   1.7043588e-21   4.9025195e-24   0.00016804974    -0.021451073
       35.333474   9.9838115e-18   1.6414158e-21   4.8268511e-24   0.00016438070    -0.021286194
       35.664027   9.8373665e-18   1.5864219e-21   4.7560348e-24   0.00016123890    -0.021112721
       35.997673   9.6964808e-18   1.5360579e-21   4.6879079e-24   0.00015838887    -0.020932204
       36.334441   9.5557168e-18   1.4862938e-21   4.6198402e-24   0.00015551557    -0.020748762
       36.674359   9.4136297e-18   1.4360642e-21   4.5511327e-24   0.00015252832    -0.020563494
       37.017457   9.2702057e-18   1.3853646e-21   4.4817787e-24   0.00014942038    -0.020376345
       37.363765   9.1254355e-18   1.3341907e-21   4.4117737e-24   0.00014618433    -0.020188624
       37.713312   8.9856584e-18   1.2888824e-21   4.3441852e-24   0.00014341715    -0.019995117
       38.066130   8.8489566e-18   1.2475349e-21   4.2780852e-24   0.00014096115    -0.019794776
       38.422249   8.7126318e-18   1.2074620e-21   4.2121680e-24   0.00013856832    -0.019590694
       38.781699   8.5750276e-18   1.1670143e-21   4.1456322e-24   0.00013607600    -0.019384303
       39.144511   8.4361396e-18   1.1261881e-21   4.0784756e-24   0.00013347785    -0.019175503
       39.510718   8.2959504e-18   1.0849800e-21   4.0106899e-24   0.00013076719    -0.018968245
       39.880351   8.1606855e-18   1.0472848e-21   3.9452862e-24   0.00012831648    -0.018760339
       40.253442   8.0301910e-18   1.0130050e-21   3.8821901e-24   0.00012613364    -0.018551248
       40.630023   7.9018051e-18   9.8048160e-22   3.8201141e-24   0.00012406785    -0.018340853
       41.010128   7.7722187e-18   9.4765395e-22   3.7574577e-24   0.00012191350    -0.018127960
       41.393788   7.6414192e-18   9.1451918e-22   3.6942147e-24   0.00011966491    -0.017914455
       41.781038   7.5093986e-18   8.8107444e-22   3.6303813e-24   0.00011731580    -0.017700996
       42.171910   7.3809940e-18   8.4973358e-22   3.5682969e-24   0.00011511129    -0.017477482
       42.566439   7.2576379e-18   8.2121308e-22   3.5086542e-24   0.00011313876    -0.017241557
       42.964659   7.1379474e-18   7.9482630e-22   3.4507845e-24   0.00011133982    -0.016995609
       43.366604   7.0171406e-18   7.6819267e-22   3.3923750e-24   0.00010946176    -0.016746679
       43.772310   6.8952138e-18   7.4130988e-22   3.3334240e-24   0.00010749923    -0.016499564
       44.181811   6.7721527e-18   7.1417559e-22   3.2739246e-24   0.00010544657    -0.016249657
       44.595144   6.6516564e-18   6.8822929e-22   3.2156656e-24   0.00010345665    -0.015974477
       45.012343   6.5363187e-18   6.6448053e-22   3.1599012e-24   0.00010164942    -0.015657604
       45.433445   6.4266850e-18   6.4314282e-22   3.1068953e-24   0.00010006379    -0.015295365
       45.858486   6.3160329e-18   6.2160550e-22   3.0533969e-24   9.8407392e-05    -0.014932417
       46.287504   6.2043545e-18   5.9986669e-22   2.9994024e-24   9.6675439e-05    -0.014567978
       46.720536   6.0916401e-18   5.7792450e-22   2.9449070e-24   9.4862741e-05    -0.014199049
       47.157618   5.9801794e-18   5.5655896e-22   2.8910178e-24   9.3058607e-05    -0.013814204
       47.598790   5.8728102e-18   5.3673733e-22   2.8391072e-24   9.1385258e-05    -0.013399431
       48.044089   5.7724877e-18   5.1946832e-22   2.7906041e-24   8.9982275e-05    -0.012941828
       48.493554   5.6712460e-18   5.0203776e-22   2.7416567e-24   8.8515525e-05    -0.012485658
       48.947223   5.5690631e-18   4.8444413e-22   2.6922541e-24   8.6980877e-05    -0.012023844
       49.405137   5.4659343e-18   4.6668590e-22   2.6423943e-24   8.5373522e-05    -0.011556085
       49.867335   5.3632002e-18   4.4916275e-22   2.5927253e-24   8.3742005e-05    -0.011074653
       50.333857   5.2634670e-18   4.3265172e-22   2.5445075e-24   8.2192243e-05    -0.010565375
       50.804743   5.1721252e-18   4.1875499e-22   2.5003472e-24   8.0957261e-05    -0.010006905
       51.280034   5.0799417e-18   4.0472825e-22   2.4557800e-24   7.9665483e-05   -0.0094444518
       51.759772   4.9869038e-18   3.9057029e-22   2.4107998e-24   7.8313060e-05   -0.0088748367
       52.243998   4.8930070e-18   3.7627988e-22   2.3654043e-24   7.6895647e-05   -0.0082976626
       52.732754   4.7988365e-18   3.6201162e-22   2.3198764e-24   7.5431683e-05   -0.0077132373
       53.226083   4.7068318e-18   3.4841155e-22   2.2753958e-24   7.4017041e-05   -0.0071300871
       53.724026   4.6229988e-18   3.3706520e-22   2.2348665e-24   7.2905195e-05   -0.0065635035
       54.226628   4.5389943e-18   3.2577093e-22   2.1942542e-24   7.1766459e-05   -0.0059913027
       54.733932   4.4542110e-18   3.1437100e-22   2.1532655e-24   7.0573399e-05   -0.0054116895
       55.245982   4.3686422e-18   3.0286441e-22   2.1118969e-24   6.9322092e-05   -0.0048242421
       55.762823   4.2824022e-18   2.9127510e-22   2.0702039e-24   6.8012130e-05   -0.0042287858
       56.284498   4.1983838e-18   2.8024390e-22   2.0295851e-24   6.6745968e-05   -0.0036464938
       56.811054   4.1216855e-18   2.7089997e-22   1.9925055e-24   6.5721213e-05   -0.0030851075
       57.342536   4.0461747e-18   2.6188849e-22   1.9560001e-24   6.4720770e-05   -0.0025244374
       57.878990   3.9699674e-18   2.5279271e-22   1.9191580e-24   6.3672214e-05   -0.0019563995
       58.420463   3.8930612e-18   2.4361183e-22   1.8819780e-24   6.2571990e-05   -0.0013805678
       58.967002   3.8154478e-18   2.3434507e-22   1.8444561e-24   6.1416296e-05  -0.00080157680
       59.518653   3.7390933e-18   2.2536809e-22   1.8075429e-24   6.0269826e-05  -0.00023641514
       60.075465   3.6688737e-18   2.1761778e-22   1.7735958e-24   5.9311084e-05   0.00028832430
       60.637487   3.6010956e-18   2.1038692e-22   1.7408292e-24   5.8419618e-05   0.00079496171
       61.204766   3.5326953e-18   2.0308842e-22   1.7077618e-24   5.7484930e-05    0.0013083460
       61.777352   3.4636715e-18   1.9572163e-22   1.6743929e-24   5.6503791e-05    0.0018288746
       62.355295   3.3940116e-18   1.8828592e-22   1.6407165e-24   5.5472845e-05    0.0023459056
       62.938645   3.3248681e-18   1.8097803e-22   1.6072899e-24   5.4428677e-05    0.0028583751
       63.527452   3.2605690e-18   1.7454121e-22   1.5762053e-24   5.3528039e-05    0.0033262578
       64.121768   3.1998096e-18   1.6875242e-22   1.5468321e-24   5.2735488e-05    0.0037567590
       64.721644   3.1384925e-18   1.6290948e-22   1.5171893e-24   5.1904225e-05    0.0041930568
       65.327131   3.0766112e-18   1.5701187e-22   1.4872738e-24   5.1031426e-05    0.0046306219
       65.938283   3.0141684e-18   1.5105909e-22   1.4570868e-24   5.0113830e-05    0.0050695720
       66.555153   2.9518407e-18   1.4515326e-22   1.4269554e-24   4.9171394e-05    0.0055062627
       67.177794   2.8932009e-18   1.3982486e-22   1.3986070e-24   4.8326443e-05    0.0058996305
       67.806259   2.8392274e-18   1.3521937e-22   1.3725147e-24   4.7623143e-05    0.0062320499
       68.440604   2.7847545e-18   1.3057079e-22   1.3461809e-24   4.6885523e-05    0.0065683591
       69.080884   2.7297847e-18   1.2587873e-22   1.3196068e-24   4.6110934e-05    0.0069030466
       69.727153   2.6743119e-18   1.2114276e-22   1.2927896e-24   4.5296616e-05    0.0072419802
       70.379468   2.6186204e-18   1.1640017e-22   1.2658667e-24   4.4448977e-05    0.0075816379
       71.037886   2.5652968e-18   1.1198717e-22   1.2400886e-24   4.3652758e-05    0.0078885277
       71.702464   2.5175637e-18   1.0832256e-22   1.2170132e-24   4.3024888e-05    0.0081135726
       72.373259   2.4693953e-18   1.0462366e-22   1.1937274e-24   4.2366334e-05    0.0083387674
       73.050330   2.4207869e-18   1.0089016e-22   1.1702289e-24   4.1674860e-05    0.0085652881
       73.733734   2.3717324e-18   9.7121733e-23   1.1465147e-24   4.0948024e-05    0.0087947106
       74.423532   2.3222582e-18   9.3321417e-23   1.1225975e-24   4.0184020e-05    0.0090268274
       75.119783   2.2738097e-18   8.9654747e-23   1.0991763e-24   3.9427755e-05    0.0092432440
       75.822548   2.2317193e-18   8.6732363e-23   1.0788289e-24   3.8861963e-05    0.0093674471
       76.531888   2.1892432e-18   8.3782640e-23   1.0582951e-24   3.8268674e-05    0.0094914191
       77.247863   2.1463767e-18   8.0805321e-23   1.0375724e-24   3.7645899e-05    0.0096169380
       77.970537   2.1031196e-18   7.7800149e-23   1.0166610e-24   3.6991368e-05    0.0097440876
       78.699971   2.0594686e-18   7.4766862e-23   9.9555918e-25   3.6302640e-05    0.0098729660
       79.436230   2.0157467e-18   7.1740511e-23   9.7442305e-25   3.5588776e-05    0.0099983216
       80.179376   1.9782569e-18   6.9396049e-23   9.5629978e-25   3.5078162e-05     0.010009600
       80.929475   1.9406165e-18   6.7049981e-23   9.3810371e-25   3.4549673e-05     0.010017758
       81.686591   1.9026727e-18   6.4686383e-23   9.1976099e-25   3.3996485e-05     0.010025280
       82.450790   1.8643821e-18   6.2300674e-23   9.0125061e-25   3.3415142e-05     0.010032898
       83.222138   1.8257418e-18   5.9892645e-23   8.8257117e-25   3.2803478e-05     0.010040616
       84.000703   1.7867443e-18   5.7462089e-23   8.6371907e-25   3.2159185e-05     0.010048378
       84.786551   1.7530517e-18   5.5526367e-23   8.4743151e-25   3.1673116e-05    0.0099584221
       85.579751   1.7199193e-18   5.3651766e-23   8.3141482e-25   3.1193377e-05    0.0098519690
       86.380371   1.6866499e-18   5.1774732e-23   8.1533186e-25   3.0695844e-05    0.0097412030
       87.188482   1.6530753e-18   4.9880137e-23   7.9910138e-25   3.0173236e-05    0.0096289643
       88.004153   1.6191915e-18   4.7967817e-23   7.8272144e-25   2.9623670e-05    0.0095151627
       88.827454   1.5850037e-18   4.6037608e-23   7.6619452e-25   2.9044897e-05    0.0094021428
       89.658458   1.5545594e-18   4.4423918e-23   7.5147729e-25   2.8575717e-05    0.0092566930
       90.497236   1.5253324e-18   4.2918478e-23   7.3734859e-25   2.8136339e-05    0.0090977886
       91.343861   1.4961704e-18   4.1426260e-23   7.2325128e-25   2.7687430e-05    0.0089342717
       92.198406   1.4667431e-18   3.9920082e-23   7.0902574e-25   2.7216079e-05    0.0087685452
       93.060946   1.4370472e-18   3.8399813e-23   6.9467038e-25   2.6720616e-05    0.0086022417
       93.931555   1.4070798e-18   3.6865322e-23   6.8018375e-25   2.6199193e-05    0.0084356854
       94.810308   1.3796193e-18   3.5529080e-23   6.6690903e-25   2.5752150e-05    0.0082636979
       95.697283   1.3536960e-18   3.4316953e-23   6.5437740e-25   2.5349918e-05    0.0080880294
       96.592556   1.3280288e-18   3.3131111e-23   6.4196959e-25   2.4946963e-05    0.0079096824
       97.496204   1.3021255e-18   3.1934175e-23   6.2944768e-25   2.4524050e-05    0.0077290661
       98.408306   1.2759910e-18   3.0726041e-23   6.1681396e-25   2.4079560e-05    0.0075496749
       99.328941   1.2496157e-18   2.9506605e-23   6.0406389e-25   2.3611985e-05    0.0073680191
       100.25819   1.2249027e-18   2.8404651e-23   5.9211738e-25   2.3188774e-05    0.0071714306
       101.19613   1.2018990e-18   2.7423701e-23   5.8099716e-25   2.2816456e-05    0.0069599423
       102.14285   1.1793411e-18   2.6478633e-23   5.7009250e-25   2.2451552e-05    0.0067414420
       103.09842   1.1565858e-18   2.5524725e-23   5.5909237e-25   2.2068542e-05    0.0065226933
       104.06293   1.1336252e-18   2.4561892e-23   5.4799302e-25   2.1666209e-05    0.0063029500
       105.03647   1.1104536e-18   2.3590051e-23   5.3679169e-25   2.1243166e-05    0.0060803792
       106.01911   1.0884005e-18   2.2688076e-23   5.2613102e-25   2.0844904e-05    0.0058531146
       107.01095   1.0682436e-18   2.1902232e-23   5.1638707e-25   2.0502610e-05    0.0056216777
       108.01206   1.0487205e-18   2.1158082e-23   5.0694947e-25   2.0174731e-05    0.0053874494
       109.02254   1.0290149e-18   2.0406970e-23   4.9742364e-25   1.9831166e-05    0.0051540151
       110.04247   1.0091359e-18   1.9648831e-23   4.8781399e-25   1.9470567e-05    0.0049176633
       111.07195   9.8907872e-19   1.8883600e-23   4.7811821e-25   1.9091746e-05    0.0046782295
       112.11106   9.6960441e-19   1.8150082e-23   4.6870420e-25   1.8718708e-05    0.0044389872
       113.15988   9.5195547e-19   1.7511466e-23   4.6017260e-25   1.8394919e-05    0.0042080371
       114.21852   9.3524878e-19   1.6922934e-23   4.5209650e-25   1.8094252e-05    0.0039833775
       115.28707   9.1838910e-19   1.6328895e-23   4.4394644e-25   1.7779616e-05    0.0037570815
       116.36561   9.0137962e-19   1.5729300e-23   4.3572397e-25   1.7449946e-05    0.0035279245
       117.45424   8.8421834e-19   1.5124095e-23   4.2742812e-25   1.7104187e-05    0.0032957436
       118.55305   8.6720545e-19   1.4527514e-23   4.1920400e-25   1.6751821e-05    0.0030633877
       119.66215   8.5167462e-19   1.4002300e-23   4.1169632e-25   1.6440633e-05    0.0028483991
       120.78162   8.3714510e-19   1.3525533e-23   4.0467269e-25   1.6156476e-05    0.0026461742
       121.91156   8.2256913e-19   1.3048233e-23   3.9762661e-25   1.5862528e-05    0.0024425017
       123.05207   8.0786345e-19   1.2566467e-23   3.9051782e-25   1.5554945e-05    0.0022362133
       124.20326   7.9302532e-19   1.2080194e-23   3.8334500e-25   1.5232817e-05    0.0020271556
       125.36521   7.7811005e-19   1.1591748e-23   3.7613490e-25   1.4897089e-05    0.0018158329
       126.53804   7.6503520e-19   1.1175911e-23   3.6981447e-25   1.4608148e-05    0.0016306334
       127.72183   7.5292546e-19   1.0798619e-23   3.6396058e-25   1.4342009e-05    0.0014568627
       128.91670   7.4097065e-19   1.0428153e-23   3.5818159e-25   1.4073440e-05    0.0012845662
       130.12275   7.2890835e-19   1.0054221e-23   3.5235063e-25   1.3793343e-05    0.0011100144
       131.34008   7.1673832e-19   9.6767914e-24   3.4646760e-25   1.3500968e-05   0.00093307408
       132.56880   7.0446099e-19   9.2958307e-24   3.4053270e-25   1.3195490e-05   0.00075533969
       133.80902   6.9260305e-19   8.9622467e-24   3.3480055e-25   1.2939779e-05   0.00059404537
       135.06084   6.8104817e-19   8.6648894e-24   3.2921491e-25   1.2722711e-05   0.00044338244
       136.32436   6.6955663e-19   8.3809428e-24   3.2365989e-25   1.2516996e-05   0.00029649053
       137.59971   6.5795952e-19   8.0943398e-24   3.1805385e-25   1.2302034e-05   0.00014746778
       138.88699   6.4625649e-19   7.8050555e-24   3.1239660e-25   1.2077188e-05  -3.8239278e-06
       140.18632   6.3445338e-19   7.5130649e-24   3.0669098e-25   1.1841652e-05  -0.00015434672
       141.49780   6.2243525e-19   7.2422892e-24   3.0088142e-25   1.1635274e-05  -0.00029553735
       142.82155   6.1019496e-19   6.9937262e-24   2.9496449e-25   1.1461330e-05  -0.00042652842
       144.15768   5.9777689e-19   6.7574476e-24   2.8896162e-25   1.1304169e-05  -0.00055157665
       145.50631   5.8524711e-19   6.5189586e-24   2.8290476e-25   1.1138690e-05  -0.00067835043
       146.86756   5.7260479e-19   6.2782384e-24   2.7679349e-25   1.0964228e-05  -0.00080544279
       148.24154   5.5984604e-19   6.0352663e-24   2.7062595e-25   1.0780109e-05  -0.00093303641
       149.62838   5.4777440e-19   5.8085562e-24   2.6479055e-25   1.0603808e-05   -0.0010532024
       151.02819   5.3658332e-19   5.6025925e-24   2.5938081e-25   1.0441126e-05   -0.0011631507
       152.44110   5.2604758e-19   5.4122047e-24   2.5428786e-25   1.0288326e-05   -0.0012650047
       153.86723   5.1541462e-19   5.2200357e-24   2.4914792e-25   1.0127735e-05   -0.0013679442
       155.30669   5.0468675e-19   5.0260689e-24   2.4396210e-25   9.9586899e-06   -0.0014703121
       156.75963   4.9386013e-19   4.8302876e-24   2.3872854e-25   9.7805837e-06   -0.0015739155
       158.22615   4.8341977e-19   4.6435982e-24   2.3368171e-25   9.6056343e-06   -0.0016743929
       159.70640   4.7370993e-19   4.4737339e-24   2.2898800e-25   9.4439474e-06   -0.0017680994
       161.20049   4.6481538e-19   4.3225902e-24   2.2468841e-25   9.2994987e-06   -0.0018538078
       162.70857   4.5584164e-19   4.1700325e-24   2.2035053e-25   9.1479013e-06   -0.0019394639
       164.23075   4.4678574e-19   4.0160476e-24   2.1597294e-25   8.9886743e-06   -0.0020256204
       165.76717   4.3764652e-19   3.8606221e-24   2.1155507e-25   8.8212471e-06   -0.0021128501
       167.31796   4.2866854e-19   3.7095188e-24   2.0721515e-25   8.6535083e-06   -0.0021987517
       168.88326   4.2016383e-19   3.5700801e-24   2.0310400e-25   8.4968043e-06   -0.0022796902
       170.46321   4.1245683e-19   3.4499157e-24   1.9937847e-25   8.3642373e-06   -0.0023515068
       172.05794   4.0468147e-19   3.3286270e-24   1.9561990e-25   8.2252337e-06   -0.0024231743
       173.66758   3.9683466e-19   3.2062037e-24   1.9182678e-25   8.0793795e-06   -0.0024957200
       175.29229   3.8891573e-19   3.0826351e-24   1.8799880e-25   7.9261661e-06   -0.0025691914
       176.93219   3.8106278e-19   2.9609918e-24   1.8420272e-25   7.7702913e-06   -0.0026423768
       178.58744   3.7356014e-19   2.8475954e-24   1.8057598e-25   7.6227984e-06   -0.0027121633
       180.25817   3.6690856e-19   2.7535748e-24   1.7736064e-25   7.5047422e-06   -0.0027724436
       181.94453   3.6019603e-19   2.6586747e-24   1.7411584e-25   7.3811337e-06   -0.0028332480
       183.64667   3.5342177e-19   2.5628868e-24   1.7084119e-25   7.2515855e-06   -0.0028948138
       185.36473   3.4658553e-19   2.4662027e-24   1.6753658e-25   7.1156610e-06   -0.0029571831
       187.09887   3.3972985e-19   2.3695428e-24   1.6422258e-25   6.9747367e-06   -0.0030199733
       188.84923   3.3307624e-19   2.2777284e-24   1.6100626e-25   6.8384129e-06   -0.0030800552
       190.61596   3.2708973e-19   2.2009365e-24   1.5811242e-25   6.7288009e-06   -0.0031321156
       192.39922   3.2111896e-19   2.1249241e-24   1.5522618e-25   6.6172050e-06   -0.0031839680
       194.19916   3.1509349e-19   2.0482005e-24   1.5231350e-25   6.5002524e-06   -0.0032364842
       196.01595   3.0901188e-19   1.9707593e-24   1.4937368e-25   6.3775758e-06   -0.0032897023
       197.84973   3.0287815e-19   1.8926585e-24   1.4640867e-25   6.2488716e-06   -0.0033436359
       199.70066   2.9695676e-19   1.8190247e-24   1.4354631e-25   6.1255165e-06   -0.0033943814
       201.56891   2.9158292e-19   1.7564270e-24   1.4094862e-25   6.0237289e-06   -0.0034396466
       203.45464   2.8632407e-19   1.6964323e-24   1.3840653e-25   5.9248326e-06   -0.0034836053
       205.35801   2.8101707e-19   1.6358763e-24   1.3584116e-25   5.8212361e-06   -0.0035281301
       207.27919   2.7566076e-19   1.5747537e-24   1.3325195e-25   5.7126183e-06   -0.0035732538
       209.21834   2.7025686e-19   1.5130594e-24   1.3063973e-25   5.5985662e-06   -0.0036184879
       211.17563   2.6498918e-19   1.4540061e-24   1.2809337e-25   5.4870093e-06   -0.0036620077
       213.15123   2.6017349e-19   1.4030711e-24   1.2576550e-25   5.3927996e-06   -0.0037013227
       215.14532   2.5556035e-19   1.3559343e-24   1.2353554e-25   5.3057022e-06   -0.0037384893
       217.15806   2.5090495e-19   1.3083565e-24   1.2128515e-25   5.2145233e-06   -0.0037761451
       219.18963   2.4620685e-19   1.2603337e-24   1.1901412e-25   5.1189770e-06   -0.0038142596
       221.24020   2.4146586e-19   1.2118615e-24   1.1672236e-25   5.0187445e-06   -0.0038521250
       223.30996   2.3676560e-19   1.1642904e-24   1.1445029e-25   4.9174572e-06   -0.0038896809
       225.39908   2.3238122e-19   1.1221189e-24   1.1233091e-25   4.8287616e-06   -0.0039243471
       227.50775   2.2824938e-19   1.0843233e-24   1.1033360e-25   4.7505853e-06   -0.0039563509
       229.63614   2.2407972e-19   1.0461740e-24   1.0831802e-25   4.6687366e-06   -0.0039887795
       231.78445   2.1987225e-19   1.0076679e-24   1.0628416e-25   4.5829490e-06   -0.0040212142
       233.95285   2.1562716e-19   9.6880154e-25   1.0423212e-25   4.4929274e-06   -0.0040538043
       236.14154   2.1140273e-19   9.3040434e-25   1.0219006e-25   4.4010796e-06   -0.0040863768
       238.35070   2.0743081e-19   8.9572774e-25   1.0027006e-25   4.3181814e-06   -0.0041172578
       240.58054   2.0380023e-19   8.6601733e-25   9.8515065e-26   4.2493262e-06   -0.0041454172
       242.83123   2.0013665e-19   8.3602897e-25   9.6744119e-26   4.1772733e-06   -0.0041738430
       245.10298   1.9643934e-19   8.0576007e-25   9.4956871e-26   4.1018095e-06   -0.0042021787
       247.39598   1.9270826e-19   7.7520799e-25   9.3153293e-26   4.0226863e-06   -0.0042308694
       249.71043   1.8896409e-19   7.4463459e-25   9.1343389e-26   3.9405988e-06   -0.0042597182
       252.04654   1.8536356e-19   7.1605458e-25   8.9602922e-26   3.8629589e-06   -0.0042870851
       254.40450   1.8213959e-19   6.9246641e-25   8.8044483e-26   3.8018301e-06   -0.0043100169
       256.78452   1.7888617e-19   6.6865758e-25   8.6471804e-26   3.7378803e-06   -0.0043329146
       259.18680   1.7560395e-19   6.4462601e-25   8.4885207e-26   3.6708949e-06   -0.0043559926
       261.61156   1.7229175e-19   6.2036961e-25   8.3284119e-26   3.6006794e-06   -0.0043793670
       264.05901   1.6895300e-19   5.9592760e-25   8.1670194e-26   3.5271672e-06   -0.0044030296
       266.52934   1.6566778e-19   5.7223025e-25   8.0082145e-26   3.4540709e-06   -0.0044264183
       269.02280   1.6279143e-19   5.5342127e-25   7.8691739e-26   3.3995610e-06   -0.0044463596
       271.53957   1.5988880e-19   5.3443634e-25   7.7288634e-26   3.3425390e-06   -0.0044662981
       274.07990   1.5695974e-19   5.1527379e-25   7.5872751e-26   3.2828297e-06   -0.0044864847
       276.64398   1.5400416e-19   4.9593197e-25   7.4444050e-26   3.2202401e-06   -0.0045069330
       279.23206   1.5102179e-19   4.7640920e-25   7.3002397e-26   3.1545627e-06   -0.0045276587
       281.84435   1.4802380e-19   4.5682249e-25   7.1553192e-26   3.0861327e-06   -0.0045485775
       284.48107   1.4547900e-19   4.4194477e-25   7.0323059e-26   3.0378504e-06   -0.0045646981
       287.14247   1.4291303e-19   4.2695061e-25   6.9082693e-26   2.9874766e-06   -0.0045809649
       289.82876   1.4032410e-19   4.1182194e-25   6.7831225e-26   2.9347827e-06   -0.0045974331
       292.54018   1.3771170e-19   3.9655174e-25   6.6568416e-26   2.8795709e-06   -0.0046141203
       295.27697   1.3507583e-19   3.8113869e-25   6.5294260e-26   2.8216567e-06   -0.0046310401
       298.03936   1.3241574e-19   3.6558144e-25   6.4008399e-26   2.7608532e-06   -0.0046480238
       300.82760   1.3009309e-19   3.5323517e-25   6.2885649e-26   2.7152419e-06   -0.0046617369
       303.64192   1.2780557e-19   3.4129785e-25   6.1779880e-26   2.6704388e-06   -0.0046750622
       306.48256   1.2550422e-19   3.2931558e-25   6.0667432e-26   2.6239334e-06   -0.0046884857
       309.34979   1.2318192e-19   3.1722120e-25   5.9544854e-26   2.5752186e-06   -0.0047020872
       312.24383   1.2083880e-19   3.0501368e-25   5.8412209e-26   2.5241306e-06   -0.0047158706
       315.16495   1.1847423e-19   2.9269195e-25   5.7269198e-26   2.4705055e-06   -0.0047295370
       318.11340   1.1635356e-19   2.8242884e-25   5.6244084e-26   2.4273272e-06   -0.0047418261
       321.08944   1.1431425e-19   2.7289424e-25   5.5258304e-26   2.3872228e-06   -0.0047536114
       324.09331   1.1227375e-19   2.6341360e-25   5.4271945e-26   2.3461671e-06   -0.0047654336
       327.12529   1.1021448e-19   2.5384426e-25   5.3276513e-26   2.3031790e-06   -0.0047774144
       330.18563   1.0813691e-19   2.4418539e-25   5.2272238e-26   2.2581081e-06   -0.0047894075
       333.27460   1.0604063e-19   2.3443617e-25   5.1258914e-26   2.2108096e-06   -0.0048014434
       336.39247   1.0410127e-19   2.2590632e-25   5.0321445e-26   2.1700584e-06   -0.0048115379
       339.53951   1.0226499e-19   2.1819368e-25   4.9433807e-26   2.1336061e-06   -0.0048202086
       342.71599   1.0044316e-19   2.1063865e-25   4.8553151e-26   2.0970886e-06   -0.0048285975
       345.92218   9.8604355e-20   2.0301295e-25   4.7664290e-26   2.0588597e-06   -0.0048370779
       349.15837   9.6749385e-20   1.9531590e-25   4.6767616e-26   2.0187778e-06   -0.0048455221
       352.42484   9.4877278e-20   1.8754685e-25   4.5862657e-26   1.9767270e-06   -0.0048540770
       355.72186   9.3114028e-20   1.8052510e-25   4.5010319e-26   1.9387493e-06   -0.0048621437
       359.04973   9.1471009e-20   1.7432416e-25   4.4216100e-26   1.9057823e-06   -0.0048695776
       362.40874   8.9855097e-20   1.6833800e-25   4.3434984e-26   1.8734350e-06   -0.0048768815
       365.79916   8.8224501e-20   1.6229585e-25   4.2646770e-26   1.8395745e-06   -0.0048841738
       369.22131   8.6578995e-20   1.5619716e-25   4.1851349e-26   1.8040967e-06   -0.0048915106
       372.67547   8.4918526e-20   1.5004142e-25   4.1048695e-26   1.7668837e-06   -0.0048989372
       376.16194   8.3323067e-20   1.4429607e-25   4.0277466e-26   1.7317632e-06   -0.0049057135
       379.68104   8.1850295e-20   1.3929866e-25   3.9565542e-26   1.7018682e-06   -0.0049111759
       383.23305   8.0416807e-20   1.3456285e-25   3.8872609e-26   1.6733147e-06   -0.0049161525
       386.81829   7.8970211e-20   1.2978275e-25   3.8173339e-26   1.6434366e-06   -0.0049211248
       390.43708   7.7510695e-20   1.2495793e-25   3.7467824e-26   1.6121353e-06   -0.0049261623
       394.08972   7.6037890e-20   1.2008796e-25   3.6755885e-26   1.5793149e-06   -0.0049312687
       397.77653   7.4595378e-20   1.1540296e-25   3.6058589e-26   1.5470501e-06   -0.0049362058
       401.49783   7.3267000e-20   1.1134361e-25   3.5416465e-26   1.5196943e-06   -0.0049404251
       405.25394   7.1991697e-20   1.0758780e-25   3.4799996e-26   1.4944450e-06   -0.0049442431
       409.04520   7.0704777e-20   1.0379684e-25   3.4177912e-26   1.4680294e-06   -0.0049480963
       412.87192   6.9406175e-20   9.9970426e-26   3.3550182e-26   1.4403658e-06   -0.0049519982
       416.73444   6.8095761e-20   9.6108212e-26   3.2916741e-26   1.4113665e-06   -0.0049559516
       420.63310   6.6791903e-20   9.2297337e-26   3.2286469e-26   1.3818622e-06   -0.0049595973
       424.56823   6.5597070e-20   8.9021636e-26   3.1708900e-26   1.3570959e-06   -0.0049607444
       428.54018   6.4454303e-20   8.6012402e-26   3.1156498e-26   1.3344693e-06   -0.0049606120
       432.54928   6.3307574e-20   8.3005269e-26   3.0602181e-26   1.3111411e-06   -0.0049603397
       436.59589   6.2150482e-20   7.9970004e-26   3.0042855e-26   1.2867141e-06   -0.0049600636
       440.68036   6.0982918e-20   7.6906343e-26   2.9478466e-26   1.2611113e-06   -0.0049597832
       444.80304   5.9805429e-20   7.3817042e-26   2.8909280e-26   1.2342851e-06   -0.0049594990
       448.96428   5.8733610e-20   7.1184161e-26   2.8391174e-26   1.2119819e-06   -0.0049593307
       453.16446   5.7707794e-20   6.8759462e-26   2.7895306e-26   1.1915094e-06   -0.0049592151
       457.40393   5.6688386e-20   6.6377754e-26   2.7402535e-26   1.1709220e-06   -0.0049591153
       461.68306   5.5659708e-20   6.3973764e-26   2.6905283e-26   1.1493717e-06   -0.0049590150
       466.00222   5.4621674e-20   6.1547284e-26   2.6403508e-26   1.1267911e-06   -0.0049589146
       470.36180   5.3574349e-20   5.9098104e-26   2.5897242e-26   1.1031033e-06   -0.0049588154
       474.76215   5.2600223e-20   5.6935041e-26   2.5426360e-26   1.0824095e-06   -0.0049576351
       479.20367   5.1675050e-20   5.4967541e-26   2.4979141e-26   1.0637142e-06   -0.0049556792
       483.68675   5.0766188e-20   5.3073796e-26   2.4539807e-26   1.0454545e-06   -0.0049533647
       488.21176   4.9849098e-20   5.1162334e-26   2.4096496e-26   1.0263432e-06   -0.0049510219
       492.77911   4.8923672e-20   4.9232990e-26   2.3649155e-26   1.0063214e-06   -0.0049486545
       497.38918   4.7989856e-20   4.7285597e-26   2.3197758e-26   9.8532386e-07   -0.0049463062
       502.04239   4.7107824e-20   4.5518809e-26   2.2771393e-26   9.6626761e-07   -0.0049436576
       506.73912   4.6274877e-20   4.3923644e-26   2.2368755e-26   9.4918896e-07   -0.0049407146
       511.47980   4.5467902e-20   4.2424032e-26   2.1978672e-26   9.3305366e-07   -0.0049375804
       516.26482   4.4653575e-20   4.0910390e-26   2.1585036e-26   9.1617194e-07   -0.0049344007
       521.09461   4.3831860e-20   3.9382588e-26   2.1187827e-26   8.9849148e-07   -0.0049312179
       525.96958   4.3002749e-20   3.7840493e-26   2.0787044e-26   8.7995444e-07   -0.0049280131
       530.89017   4.2205868e-20   3.6402607e-26   2.0401841e-26   8.6250035e-07   -0.0049240632
       535.85678   4.1452490e-20   3.5102603e-26   2.0037666e-26   8.4681460e-07   -0.0049191505
       540.86986   4.0732704e-20   3.3910962e-26   1.9689729e-26   8.3252351e-07   -0.0049134457
       545.92983   4.0006401e-20   3.2708173e-26   1.9338642e-26   8.1757284e-07   -0.0049076917
       551.03715   3.9273504e-20   3.1494132e-26   1.8984368e-26   8.0191742e-07   -0.0049019567
       556.19224   3.8533971e-20   3.0268733e-26   1.8626886e-26   7.8550713e-07   -0.0048961513
       561.39556   3.7814770e-20   2.9102928e-26   1.8279231e-26   7.6961744e-07   -0.0048900810
       566.64756   3.7134413e-20   2.8045479e-26   1.7950355e-26   7.5524170e-07   -0.0048836190
       571.94870   3.6496094e-20   2.7104882e-26   1.7641798e-26   7.4267845e-07   -0.0048767490
       577.29942   3.5851987e-20   2.6155486e-26   1.7330444e-26   7.2954023e-07   -0.0048698949
       582.70021   3.5202061e-20   2.5197208e-26   1.7016277e-26   7.1578737e-07   -0.0048629840
       588.15152   3.4546242e-20   2.4229966e-26   1.6699261e-26   7.0137727e-07   -0.0048559844
       593.65383   3.3899569e-20   2.3289444e-26   1.6386667e-26   6.8701252e-07   -0.0048488672
       599.20761   3.3281846e-20   2.2422661e-26   1.6088066e-26   6.7372001e-07   -0.0048416217
       604.81335   3.2712035e-20   2.1674791e-26   1.5812626e-26   6.6259334e-07   -0.0048342899
       610.47154   3.2137092e-20   2.0919925e-26   1.5534704e-26   6.5095845e-07   -0.0048269550
       616.18265   3.1556959e-20   2.0157997e-26   1.5254275e-26   6.3878093e-07   -0.0048195270
       621.94720   3.0971568e-20   1.9388941e-26   1.4971303e-26   6.2602346e-07   -0.0048120005
       627.76568   3.0388691e-20   1.8629291e-26   1.4689547e-26   6.1303330e-07   -0.0048042703
       633.63859   2.9826084e-20   1.7916712e-26   1.4417589e-26   6.0070578e-07   -0.0047961195
       639.56644   2.9317373e-20   1.7322525e-26   1.4171684e-26   5.9086175e-07   -0.0047872976
       645.54975   2.8804051e-20   1.6722778e-26   1.3923549e-26   5.8057004e-07   -0.0047783831
       651.58903   2.8286058e-20   1.6117421e-26   1.3673158e-26   5.6980057e-07   -0.0047693584
       657.68481   2.7763363e-20   1.5506401e-26   1.3420492e-26   5.5851996e-07   -0.0047602175
       663.83762   2.7239035e-20   1.4895431e-26   1.3167038e-26   5.4684106e-07   -0.0047508637
       670.04800   2.6733724e-20   1.4322962e-26   1.2922776e-26   5.3576354e-07   -0.0047408036
       676.31647   2.6275312e-20   1.3840924e-26   1.2701185e-26   5.2676506e-07   -0.0047292367
       682.64358   2.5819072e-20   1.3366222e-26   1.2480644e-26   5.1768765e-07   -0.0047173420
       689.02989   2.5358689e-20   1.2887079e-26   1.2258100e-26   5.0819158e-07   -0.0047052902
       695.47594   2.4894145e-20   1.2403453e-26   1.2033544e-26   4.9824757e-07   -0.0046930719
       701.98230   2.4425378e-20   1.1915304e-26   1.1806948e-26   4.8782450e-07   -0.0046806903
       708.54952   2.3972524e-20   1.1456220e-26   1.1588043e-26   4.7788937e-07   -0.0046681817
       715.17818   2.3557242e-20   1.1062478e-26   1.1387301e-26   4.6959966e-07   -0.0046550396
       721.86886   2.3151119e-20   1.0686640e-26   1.1190985e-26   4.6160339e-07   -0.0046416151
       728.62213   2.2741317e-20   1.0307285e-26   1.0992892e-26   4.5324027e-07   -0.0046280180
       735.43857   2.2327803e-20   9.9243821e-27   1.0793004e-26   4.4448518e-07   -0.0046142383
       742.31879   2.1910553e-20   9.5378966e-27   1.0591309e-26   4.3531045e-07   -0.0046004575
       749.26337   2.1502043e-20   9.1664815e-27   1.0393841e-26   4.2630728e-07   -0.0045869092
       756.27293   2.1124272e-20   8.8430134e-27   1.0211230e-26   4.1861844e-07   -0.0045739610
       763.34805   2.0761711e-20   8.5443503e-27   1.0035972e-26   4.1154348e-07   -0.0045613444
       770.48937   2.0395846e-20   8.2428932e-27   9.8591173e-27   4.0414552e-07   -0.0045485577
       777.69750   2.0026638e-20   7.9386158e-27   9.6806462e-27   3.9640267e-07   -0.0045356396
       784.97306   1.9654138e-20   7.6314919e-27   9.5005840e-27   3.8828918e-07   -0.0045227741
       792.31668   1.9286151e-20   7.3319503e-27   9.3227033e-27   3.8016645e-07   -0.0045094587
       799.72901   1.8942448e-20   7.0661804e-27   9.1565612e-27   3.7303404e-07   -0.0044949706
       807.21068   1.8619633e-20   6.8297102e-27   9.0005161e-27   3.6680142e-07   -0.0044794715
       814.76234   1.8293880e-20   6.5910278e-27   8.8430508e-27   3.6028581e-07   -0.0044637659
       822.38465   1.7965208e-20   6.3501124e-27   8.6841744e-27   3.5346711e-07   -0.0044480903
       830.07827   1.7633582e-20   6.1069432e-27   8.5238703e-27   3.4632448e-07   -0.0044323041
       837.84387   1.7303158e-20   5.8665091e-27   8.3641473e-27   3.3904256e-07   -0.0044162828
       845.68211   1.6989871e-20   5.6476274e-27   8.2127079e-27   3.3241132e-07   -0.0043998874
       853.59369   1.6702076e-20   5.4601443e-27   8.0735910e-27   3.2691399e-07   -0.0043831634
       861.57928   1.6411709e-20   5.2709072e-27   7.9332308e-27   3.2116737e-07   -0.0043663140
       869.63957   1.6118727e-20   5.0798998e-27   7.7916067e-27   3.1515504e-07   -0.0043494815
       877.77527   1.5823052e-20   4.8871054e-27   7.6486805e-27   3.0885976e-07   -0.0043324350
       885.98709   1.5526583e-20   4.6944891e-27   7.5053709e-27   3.0235163e-07   -0.0043151633
       894.27572   1.5240347e-20   4.5136668e-27   7.3670079e-27   2.9616552e-07   -0.0042976613
       902.64190   1.4983459e-20   4.3648301e-27   7.2428310e-27   2.9130982e-07   -0.0042801084
       911.08635   1.4724222e-20   4.2146010e-27   7.1175187e-27   2.8623583e-07   -0.0042626190
       919.60980   1.4462663e-20   4.0629665e-27   6.9910841e-27   2.8092789e-07   -0.0042449573
       928.21298   1.4198744e-20   3.9099134e-27   6.8635088e-27   2.7537029e-07   -0.0042270690
       936.89665   1.3933025e-20   3.7559916e-27   6.7350633e-27   2.6957466e-07   -0.0042089400
       945.66156   1.3671056e-20   3.6064397e-27   6.6084303e-27   2.6380104e-07   -0.0041905483
       954.50847   1.3441695e-20   3.4883766e-27   6.4975598e-27   2.5951904e-07   -0.0041722131
       963.43814   1.3210279e-20   3.3692091e-27   6.3856961e-27   2.5504443e-07   -0.0041538445
       972.45135   1.2976748e-20   3.2489266e-27   6.2728098e-27   2.5036517e-07   -0.0041352468
       981.54888   1.2741111e-20   3.1275189e-27   6.1589054e-27   2.4546668e-07   -0.0041164076
       990.73153   1.2503352e-20   3.0049754e-27   6.0439755e-27   2.4033353e-07   -0.0040973123
       1000.0001   1.2263406e-20   2.8812855e-27   5.9279882e-27   2.3494981e-07   -0.0040779437
