      0.10000000
      0.12328467
      0.15199111
      0.18738174
      0.23101297
      0.28480359
      0.35111917
      0.43287613
      0.53366992
      0.65793322
      0.81113083
       1.0000000
       1.2328467
       1.5199111
       1.8738174
       2.3101297
       2.8480359
       3.5111917
       4.3287613
       5.3366992
       6.5793322
       8.1113083
       10.000000
       12.328467
       15.199111
       18.738174
       23.101297
       28.480359
       35.111917
       43.287613
       53.366992
       65.793322
       81.113083
       100.00000
       123.28467
       151.99111
       187.38174
       231.01297
       284.80359
       351.11917
       432.87613
       533.66992
       657.93322
       811.13083
       1000.0000
